"test_label","Gaussian Process"
"1","1"
"1","1"
"1","1"
"1","1"
"1","-1"
"1","1"
"1","-1"
"1","1"
"1","1"
"1","1"
"1","1"
"1","1"
"1","-1"
"1","1"
"1","1"
"1","1"
"1","1"
"1","1"
"1","-1"
"1","1"
"1","-1"
"1","1"
"1","1"
"1","1"
"1","1"
"1","1"
"1","1"
"1","-1"
"-1","-1"
"-1","1"
"-1","-1"
"-1","1"
"-1","-1"
