"time","icao24","lat","lon","velocity","heading","vertrate","callsign","onground","alert","spi","squawk","baroaltitude","geoaltitude","lastposupdate","lastcontact","time_METER","T","P0","P","U","DD","Ff","ff10","WW","W.W.","c","VV","Td","Unnamed..13"
1574091580,"40097e",45.7469888460838,16.0788860321045,NA,NA,NA,"BAW85GA ","True","False","False",5202,83.82,NA,1574091576.923,1574091579.807,"18.11.2019 16:30",12,752.4,762,67,"Wind blowing from the south-southwest",3,NA,"","","No Significant Clouds","10.0 and more",6,NA
1574091590,"40097e",45.7475967407227,16.0798310070503,NA,NA,NA,"BAW85GA ","True","False","False",5202,83.82,NA,1574091589.003,1574091589.879,"18.11.2019 16:30",12,752.4,762,67,"Wind blowing from the south-southwest",3,NA,"","","No Significant Clouds","10.0 and more",6,NA
1574091600,"40097e",45.7480087280273,16.0804506627525,NA,NA,NA,"BAW85GA ","True","False","False",5202,83.82,NA,1574091598.294,1574091599.249,"18.11.2019 16:30",12,752.4,762,67,"Wind blowing from the south-southwest",3,NA,"","","No Significant Clouds","10.0 and more",6,NA
1574091610,"40097e",45.74835049904,16.0808258056641,NA,NA,NA,"BAW85GA ","True","False","False",5202,NA,NA,1574091609.694,1574091609.694,"18.11.2019 16:30",12,752.4,762,67,"Wind blowing from the south-southwest",3,NA,"","","No Significant Clouds","10.0 and more",6,NA
1574091620,"40097e",45.7486152648926,16.0806516321694,NA,NA,NA,"BAW85GA ","True","False","False",5202,NA,NA,1574091619.108,1574091619.108,"18.11.2019 16:30",12,752.4,762,67,"Wind blowing from the south-southwest",3,NA,"","","No Significant Clouds","10.0 and more",6,NA
1574091630,"40097e",45.7488327026367,16.080350178044,NA,NA,NA,"BAW85GA ","True","False","False",5202,83.82,NA,1574091629.461,1574091629.968,"18.11.2019 16:30",12,752.4,762,67,"Wind blowing from the south-southwest",3,NA,"","","No Significant Clouds","10.0 and more",6,NA
1574091640,"40097e",45.7489207639533,16.0802249908447,NA,NA,NA,"BAW85GA ","True","False","False",5202,NA,NA,1574091639.339,1574091639.339,"18.11.2019 16:30",12,752.4,762,67,"Wind blowing from the south-southwest",3,NA,"","","No Significant Clouds","10.0 and more",6,NA
1574091650,"40097e",45.7489242553711,16.0802161984327,NA,NA,NA,"BAW85GA ","True","False","False",5202,NA,NA,1574091641.873,1574091641.873,"18.11.2019 16:30",12,752.4,762,67,"Wind blowing from the south-southwest",3,NA,"","","No Significant Clouds","10.0 and more",6,NA
1574091660,"40097e",45.7489324020127,16.0802249908447,NA,NA,NA,"BAW85GA ","True","False","False",5202,NA,NA,1574091655.719,1574091657.901,"18.11.2019 16:30",12,752.4,762,67,"Wind blowing from the south-southwest",3,NA,"","","No Significant Clouds","10.0 and more",6,NA
1574091670,"40097e",45.7489324020127,16.0802249908447,NA,NA,NA,"BAW85GA ","True","False","False",5202,83.82,NA,1574091655.719,1574091668.971,"18.11.2019 16:30",12,752.4,762,67,"Wind blowing from the south-southwest",3,NA,"","","No Significant Clouds","10.0 and more",6,NA
1574091680,"40097e",45.7489324020127,16.0802249908447,NA,NA,NA,"BAW85GA ","True","False","False",5202,83.82,NA,1574091655.719,1574091675.954,"18.11.2019 16:30",12,752.4,762,67,"Wind blowing from the south-southwest",3,NA,"","","No Significant Clouds","10.0 and more",6,NA
1574091690,"40097e",45.7489324020127,16.0802249908447,NA,NA,NA,"BAW85GA ","True","False","False",5202,83.82,NA,1574091655.719,1574091675.954,"18.11.2019 16:30",12,752.4,762,67,"Wind blowing from the south-southwest",3,NA,"","","No Significant Clouds","10.0 and more",6,NA
1574091700,"40097e",45.7489324020127,16.0802249908447,NA,NA,NA,"BAW85GA ","True","False","False",5202,83.82,NA,1574091655.719,1574091699.704,"18.11.2019 16:30",12,752.4,762,67,"Wind blowing from the south-southwest",3,NA,"","","No Significant Clouds","10.0 and more",6,NA
1574091710,"40097e",45.7489324020127,16.0802249908447,NA,NA,NA,"BAW85GA ","True","False","False",5202,NA,NA,1574091655.719,1574091706.515,"18.11.2019 16:30",12,752.4,762,67,"Wind blowing from the south-southwest",3,NA,"","","No Significant Clouds","10.0 and more",6,NA
1574091720,"40097e",45.7489324020127,16.0802249908447,NA,NA,NA,"BAW85GA ","False","False","False",2753,83.82,NA,1574091655.719,1574091718.491,"18.11.2019 16:30",12,752.4,762,67,"Wind blowing from the south-southwest",3,NA,"","","No Significant Clouds","10.0 and more",6,NA
1574091730,"40097e",45.7489324020127,16.0802249908447,NA,NA,NA,"BAW85GA ","True","False","False",5202,83.82,NA,1574091655.719,1574091729.294,"18.11.2019 16:30",12,752.4,762,67,"Wind blowing from the south-southwest",3,NA,"","","No Significant Clouds","10.0 and more",6,NA
1574091740,"40097e",45.7489471435547,16.0802161984327,NA,NA,NA,"BAW85GA ","True","False","False",5202,NA,NA,1574091739.832,1574091739.832,"18.11.2019 16:30",12,752.4,762,67,"Wind blowing from the south-southwest",3,NA,"","","No Significant Clouds","10.0 and more",6,NA
1574091750,"40097e",45.7489471435547,16.0802161984327,NA,NA,NA,"BAW85GA ","True","False","False",5202,NA,NA,1574091744.708,1574091748.214,"18.11.2019 16:30",12,752.4,762,67,"Wind blowing from the south-southwest",3,NA,"","","No Significant Clouds","10.0 and more",6,NA
1574091760,"40097e",45.7489471435547,16.0802161984327,NA,NA,NA,"BAW85GA ","True","False","False",5202,83.82,NA,1574091744.708,1574091759.525,"18.11.2019 16:30",12,752.4,762,67,"Wind blowing from the south-southwest",3,NA,"","","No Significant Clouds","10.0 and more",6,NA
1574091770,"40097e",45.7489471435547,16.0802161984327,NA,NA,NA,"BAW85GA ","True","False","False",5202,10972.8,NA,1574091744.708,1574091766.636,"18.11.2019 16:30",12,752.4,762,67,"Wind blowing from the south-southwest",3,NA,"","","No Significant Clouds","10.0 and more",6,NA
1574091780,"40097e",45.7489585876465,16.0802161984327,NA,NA,NA,"BAW85GA ","True","False","False",5202,NA,NA,1574091779.92,1574091779.92,"18.11.2019 16:30",12,752.4,762,67,"Wind blowing from the south-southwest",3,NA,"","","No Significant Clouds","10.0 and more",6,NA
1574091790,"40097e",45.7489585876465,16.0802161984327,NA,NA,NA,"BAW85GA ","True","False","False",5202,NA,NA,1574091779.92,1574091779.92,"18.11.2019 16:30",12,752.4,762,67,"Wind blowing from the south-southwest",3,NA,"","","No Significant Clouds","10.0 and more",6,NA
1574091800,"40097e",45.7489585876465,16.0802161984327,NA,NA,NA,"BAW85GA ","True","False","False",5202,83.82,NA,1574091779.92,1574091793.729,"18.11.2019 16:30",12,752.4,762,67,"Wind blowing from the south-southwest",3,NA,"","","No Significant Clouds","10.0 and more",6,NA
1574091810,"40097e",45.7489585876465,16.0802161984327,NA,NA,NA,"BAW85GA ","True","False","False",5202,83.82,NA,1574091779.92,1574091793.729,"18.11.2019 16:30",12,752.4,762,67,"Wind blowing from the south-southwest",3,NA,"","","No Significant Clouds","10.0 and more",6,NA
1574091820,"40097e",45.7489585876465,16.0802161984327,NA,NA,NA,"BAW85GA ","False","False","False",5202,9159.24,NA,1574091779.92,1574091814.655,"18.11.2019 16:30",12,752.4,762,67,"Wind blowing from the south-southwest",3,NA,"","","No Significant Clouds","10.0 and more",6,NA
1574091830,"40097e",45.7489585876465,16.0802161984327,NA,NA,NA,"BAW85GA ","True","False","False",5202,83.82,NA,1574091779.92,1574091827.543,"18.11.2019 16:30",12,752.4,762,67,"Wind blowing from the south-southwest",3,NA,"","","No Significant Clouds","10.0 and more",6,NA
1574091840,"40097e",45.7489585876465,16.0802161984327,NA,NA,NA,"BAW85GA ","True","False","False",5202,83.82,NA,1574091779.92,1574091837.212,"18.11.2019 16:30",12,752.4,762,67,"Wind blowing from the south-southwest",3,NA,"","","No Significant Clouds","10.0 and more",6,NA
1574091850,"40097e",45.7489585876465,16.0802161984327,NA,NA,NA,"BAW85GA ","True","False","False",5202,83.82,NA,1574091779.92,1574091843.906,"18.11.2019 16:30",12,752.4,762,67,"Wind blowing from the south-southwest",3,NA,"","","No Significant Clouds","10.0 and more",6,NA
1574091860,"40097e",45.7489585876465,16.0802161984327,NA,NA,NA,"BAW85GA ","False","False","False",2251,83.82,NA,1574091779.92,1574091853.199,"18.11.2019 16:30",12,752.4,762,67,"Wind blowing from the south-southwest",3,NA,"","","No Significant Clouds","10.0 and more",6,NA
1574091870,"40097e",45.7489585876465,16.0802161984327,NA,NA,NA,"BAW85GA ","False","False","False",2251,83.82,NA,1574091779.92,1574091853.199,"18.11.2019 16:30",12,752.4,762,67,"Wind blowing from the south-southwest",3,NA,"","","No Significant Clouds","10.0 and more",6,NA
1574091880,"40097e",45.7489585876465,16.0802161984327,NA,NA,NA,"BAW85GA ","False","False","False",2251,83.82,NA,1574091779.92,1574091853.199,"18.11.2019 16:30",12,752.4,762,67,"Wind blowing from the south-southwest",3,NA,"","","No Significant Clouds","10.0 and more",6,NA
1574091890,"40097e",45.7489585876465,16.0802161984327,NA,NA,NA,"BAW85GA ","False","False","False",2251,83.82,NA,1574091779.92,1574091887.956,"18.11.2019 16:30",12,752.4,762,67,"Wind blowing from the south-southwest",3,NA,"","","No Significant Clouds","10.0 and more",6,NA
1574091900,"40097e",45.7489585876465,16.0802161984327,NA,NA,NA,"BAW85GA ","False","False","False",2251,83.82,NA,1574091779.92,1574091887.956,"18.11.2019 17:00",10,752.3,762,71,"Wind blowing from the south",1,NA,"","","No Significant Clouds","10.0 and more",5,NA
1574091910,"40097e",45.7489585876465,16.0802161984327,NA,NA,NA,"BAW85GA ","False","False","False",2251,83.82,NA,1574091779.92,1574091887.956,"18.11.2019 17:00",10,752.3,762,71,"Wind blowing from the south",1,NA,"","","No Significant Clouds","10.0 and more",5,NA
1574091920,"40097e",45.7489585876465,16.0802161984327,NA,NA,NA,"BAW85GA ","False","False","False",2251,10965.18,NA,1574091779.92,1574091916.239,"18.11.2019 17:00",10,752.3,762,71,"Wind blowing from the south",1,NA,"","","No Significant Clouds","10.0 and more",5,NA
1574091930,"40097e",45.7489585876465,16.0802161984327,NA,NA,NA,"BAW85GA ","False","False","False",2251,10965.18,NA,1574091779.92,1574091916.239,"18.11.2019 17:00",10,752.3,762,71,"Wind blowing from the south",1,NA,"","","No Significant Clouds","10.0 and more",5,NA
1574091940,"40097e",45.7489585876465,16.0802161984327,NA,NA,NA,"BAW85GA ","False","False","False",2251,10965.18,NA,1574091779.92,1574091916.239,"18.11.2019 17:00",10,752.3,762,71,"Wind blowing from the south",1,NA,"","","No Significant Clouds","10.0 and more",5,NA
1574091950,"40097e",45.7489585876465,16.0802161984327,NA,NA,NA,"BAW85GA ","False","False","False",2251,10965.18,NA,1574091779.92,1574091916.239,"18.11.2019 17:00",10,752.3,762,71,"Wind blowing from the south",1,NA,"","","No Significant Clouds","10.0 and more",5,NA
1574091960,"40097e",45.7491188049316,16.0781730093607,NA,NA,NA,"BAW85GA ","True","False","False",5202,91.44,NA,1574091954.591,1574091959.516,"18.11.2019 17:00",10,752.3,762,71,"Wind blowing from the south",1,NA,"","","No Significant Clouds","10.0 and more",5,NA
1574091970,"40097e",45.7491188049316,16.0781730093607,NA,NA,NA,"BAW85GA ","True","False","False",5202,91.44,NA,1574091954.591,1574091959.516,"18.11.2019 17:00",10,752.3,762,71,"Wind blowing from the south",1,NA,"","","No Significant Clouds","10.0 and more",5,NA
1574091980,"40097e",45.7491188049316,16.0781730093607,NA,NA,NA,"BAW85GA ","False","False","False",7330,91.44,NA,1574091954.591,1574091979.435,"18.11.2019 17:00",10,752.3,762,71,"Wind blowing from the south",1,NA,"","","No Significant Clouds","10.0 and more",5,NA
1574091990,"40097e",45.7378234863281,16.0609398818598,79.3312014333205,226.576550055184,10.40384,"BAW85GA ","False","False","False",7330,137.16,137.16,1574091989.91,1574091989.956,"18.11.2019 17:00",10,752.3,762,71,"Wind blowing from the south",1,NA,"","","No Significant Clouds","10.0 and more",5,NA
1574092000,"40097e",45.7332916259766,16.0540399318788,74.9924554147949,227.223961240385,15.28064,"BAW85GA ","False","False","False",5202,289.56,289.56,1574091999.519,1574091999.969,"18.11.2019 17:00",10,752.3,762,71,"Wind blowing from the south",1,NA,"","","No Significant Clouds","10.0 and more",5,NA
1574092010,"40097e",45.7288970947266,16.0472739615091,70.2531627811678,227.077174765163,16.58112,"BAW85GA ","False","False","False",5202,457.2,441.96,1574092009.429,1574092009.924,"18.11.2019 17:00",10,752.3,762,71,"Wind blowing from the south",1,NA,"","","No Significant Clouds","10.0 and more",5,NA
1574092020,"40097e",45.7243993726827,16.0402450561523,71.0100453663297,227.642545294065,8.77824,"BAW85GA ","False","False","False",5202,563.88,579.12,1574092019.996,1574092019.996,"18.11.2019 17:00",10,752.3,762,71,"Wind blowing from the south",1,NA,"","","No Significant Clouds","10.0 and more",5,NA
1574092030,"40097e",45.7200700145657,16.0335159301758,78.2783643313132,227.39702853006,3.57632,"BAW85GA ","False","False","False",5202,617.22,640.08,1574092029.779,1574092029.952,"18.11.2019 17:00",10,752.3,762,71,"Wind blowing from the south",1,NA,"","","No Significant Clouds","10.0 and more",5,NA
1574092040,"40097e",45.7149353027344,16.0255692644817,85.9260091452881,227.426335831602,6.5024,"BAW85GA ","False","False","False",5202,670.56,685.8,1574092039.832,1574092039.928,"18.11.2019 17:00",10,752.3,762,71,"Wind blowing from the south",1,NA,"","","No Significant Clouds","10.0 and more",5,NA
1574092050,"40097e",45.7095957610567,16.0173110961914,91.7413914859758,227.272449732783,6.82752,"BAW85GA ","False","False","False",5202,739.14,746.76,1574092049.722,1574092049.972,"18.11.2019 17:00",10,752.3,762,71,"Wind blowing from the south",1,NA,"","","No Significant Clouds","10.0 and more",5,NA
1574092060,"40097e",45.7037301790916,16.0082473754883,100.11587797781,227.290610042639,3.2512,"BAW85GA ","False","False","False",5202,784.86,807.72,1574092059.647,1574092059.994,"18.11.2019 17:00",10,752.3,762,71,"Wind blowing from the south",1,NA,"","","No Significant Clouds","10.0 and more",5,NA
1574092070,"40097e",45.6970825195312,15.9979694645579,110.671241415347,227.260501911141,8.45312,"BAW85GA ","False","False","False",5202,853.44,861.06,1574092069.812,1574092069.964,"18.11.2019 17:00",10,752.3,762,71,"Wind blowing from the south",1,NA,"","","No Significant Clouds","10.0 and more",5,NA
1574092080,"40097e",45.6900329589844,15.9872510956555,118.29192051999,226.938501769387,9.10336,"BAW85GA ","False","False","False",5202,944.88,960.12,1574092079.847,1574092079.963,"18.11.2019 17:00",10,752.3,762,71,"Wind blowing from the south",1,NA,"","","No Significant Clouds","10.0 and more",5,NA
1574092090,"40097e",45.6825714111328,15.975795838891,124.484818537962,227.009553813021,12.67968,"BAW85GA ","False","False","False",5202,1051.56,1059.18,1574092089.897,1574092089.954,"18.11.2019 17:00",10,752.3,762,71,"Wind blowing from the south",1,NA,"","","No Significant Clouds","10.0 and more",5,NA
1574092100,"40097e",45.6747894287109,15.9639386432927,127.744846335008,226.795006737336,17.55648,"BAW85GA ","False","False","False",5202,1211.58,1219.2,1574092099.981,1574092099.981,"18.11.2019 17:00",10,752.3,762,71,"Wind blowing from the south",1,NA,"","","No Significant Clouds","10.0 and more",5,NA
1574092110,"40097e",45.6671866724047,15.9520797729492,127.917718687524,230.548466293718,19.5072,"BAW85GA ","False","False","False",5202,1409.7,1409.7,1574092109.62,1574092109.975,"18.11.2019 17:00",10,752.3,762,71,"Wind blowing from the south",1,NA,"","","No Significant Clouds","10.0 and more",5,NA
1574092120,"40097e",45.6610417770127,15.9382781982422,128.706651015049,245.688717975045,18.20672,"BAW85GA ","False","False","False",5202,1607.82,1607.82,1574092119.67,1574092119.993,"18.11.2019 17:00",10,752.3,762,71,"Wind blowing from the south",1,NA,"","","No Significant Clouds","10.0 and more",5,NA
1574092130,"40097e",45.6578521728516,15.9220700147675,129.355815987348,261.998796819862,20.48256,"BAW85GA ","False","False","False",5202,1805.94,1790.7,1574092129.931,1574092129.931,"18.11.2019 17:00",10,752.3,762,71,"Wind blowing from the south",1,NA,"","","No Significant Clouds","10.0 and more",5,NA
1574092140,"40097e",45.6578521728516,15.9053895531631,131.12772900865,276.985610834422,18.53184,"BAW85GA ","False","False","False",5202,1996.44,1988.82,1574092139.818,1574092139.928,"18.11.2019 17:00",10,752.3,762,71,"Wind blowing from the south",1,NA,"","","No Significant Clouds","10.0 and more",5,NA
1574092150,"40097e",45.6610417770127,15.8893203735352,134.711657921115,294.118002534754,18.20672,"BAW85GA ","False","False","False",5202,2179.32,2164.08,1574092149.619,1574092149.965,"18.11.2019 17:00",10,752.3,762,71,"Wind blowing from the south",1,NA,"","","No Significant Clouds","10.0 and more",5,NA
1574092160,"40097e",45.6678384037341,15.8749694824219,136.283973792829,311.63353933657,22.10816,"BAW85GA ","False","False","False",5202,2392.68,2377.44,1574092159.77,1574092159.77,"18.11.2019 17:00",10,752.3,762,71,"Wind blowing from the south",1,NA,"","","No Significant Clouds","10.0 and more",5,NA
1574092170,"40097e",45.677567821438,15.8641204833984,139.494030543333,328.420183559527,17.8816,"BAW85GA ","False","False","False",5202,2583.18,2552.7,1574092169.722,1574092169.907,"18.11.2019 17:00",10,752.3,762,71,"Wind blowing from the south",1,NA,"","","No Significant Clouds","10.0 and more",5,NA
1574092180,"40097e",45.6884144928496,15.8573226928711,146.01240305299,339.585717244571,12.35456,"BAW85GA ","False","False","False",5202,2720.34,2705.1,1574092178.99,1574092179.959,"18.11.2019 17:00",10,752.3,762,71,"Wind blowing from the south",1,NA,"","","No Significant Clouds","10.0 and more",5,NA
1574092190,"40097e",45.7023468017578,15.8504579125381,150.805816796117,341.503243456163,11.70432,"BAW85GA ","False","False","False",5202,2827.02,2827.02,1574092189.784,1574092189.784,"18.11.2019 17:00",10,752.3,762,71,"Wind blowing from the south",1,NA,"","","No Significant Clouds","10.0 and more",5,NA
1574092200,"40097e",45.7151820295948,15.844482421875,154.714275495849,341.986779056742,13.65504,"BAW85GA ","False","False","False",5202,2956.56,2948.94,1574092199.619,1574092199.872,"18.11.2019 17:00",10,752.3,762,71,"Wind blowing from the south",1,NA,"","","No Significant Clouds","10.0 and more",5,NA
1574092210,"40097e",45.7282562255859,15.8383997475229,157.478694640951,341.920185758306,13.65504,"BAW85GA ","False","False","False",5202,3101.34,3101.34,1574092209.931,1574092209.945,"18.11.2019 17:00",10,752.3,762,71,"Wind blowing from the south",1,NA,"","","No Significant Clouds","10.0 and more",5,NA
1574092220,"40097e",45.7422288797669,15.831916809082,162.519528181699,341.737110057806,8.45312,"BAW85GA ","False","False","False",5202,3200.4,3200.4,1574092219.747,1574092219.939,"18.11.2019 17:00",10,752.3,762,71,"Wind blowing from the south",1,NA,"","","No Significant Clouds","10.0 and more",5,NA
1574092230,"40097e",45.7554931640625,15.8256046946456,168.050044339397,341.620516580384,7.47776,"BAW85GA ","False","False","False",5202,3276.6,3284.22,1574092229.382,1574092229.876,"18.11.2019 17:00",10,752.3,762,71,"Wind blowing from the south",1,NA,"","","No Significant Clouds","10.0 and more",5,NA
1574092240,"40097e",45.7707366943359,15.8183697956364,174.557300478425,341.618448905806,6.82752,"BAW85GA ","False","False","False",5202,3345.18,3345.18,1574092239.4,1574092239.827,"18.11.2019 17:00",10,752.3,762,71,"Wind blowing from the south",1,NA,"","","No Significant Clouds","10.0 and more",5,NA
1574092250,"40097e",45.785888671875,15.8111348966273,179.437742722413,341.616996565849,10.07872,"BAW85GA ","False","False","False",5202,3436.62,3429,1574092249.51,1574092249.907,"18.11.2019 17:00",10,752.3,762,71,"Wind blowing from the south",1,NA,"","","No Significant Clouds","10.0 and more",5,NA
1574092260,"40097e",45.8007202148438,15.8041009670351,181.552819720246,341.667731675599,14.6304,"BAW85GA ","False","False","False",5202,3573.78,3543.3,1574092259.123,1574092259.924,"18.11.2019 17:00",10,752.3,762,71,"Wind blowing from the south",1,NA,"","","No Significant Clouds","10.0 and more",5,NA
1574092270,"40097e",45.8165262513241,15.7965545654297,182.203254084058,341.565051177078,13.98016,"BAW85GA ","False","False","False",5202,3726.18,3703.32,1574092269.212,1574092269.982,"18.11.2019 17:00",10,752.3,762,71,"Wind blowing from the south",1,NA,"","","No Significant Clouds","10.0 and more",5,NA
1574092280,"40097e",45.8328195345604,15.7887954711914,184.318185075589,341.615621137038,13.32992,"BAW85GA ","False","False","False",5202,3855.72,3848.1,1574092279.62,1574092279.844,"18.11.2019 17:00",10,752.3,762,71,"Wind blowing from the south",1,NA,"","","No Significant Clouds","10.0 and more",5,NA
1574092290,"40097e",45.8486007431806,15.7812423706055,185.944999216093,341.61517870542,13.65504,"BAW85GA ","False","False","False",5202,3992.88,3985.26,1574092289.593,1574092289.992,"18.11.2019 17:00",10,752.3,762,71,"Wind blowing from the south",1,NA,"","","No Significant Clouds","10.0 and more",5,NA
1574092300,"40097e",45.8645216085143,15.7736892700195,187.083698389881,341.565051177078,13.65504,"BAW85GA ","False","False","False",5202,4130.04,4114.8,1574092299.643,1574092299.908,"18.11.2019 17:00",10,752.3,762,71,"Wind blowing from the south",1,NA,"","","No Significant Clouds","10.0 and more",5,NA
1574092310,"40097e",45.8808746337891,15.7659167778201,188.222539031038,341.515530204523,12.67968,"BAW85GA ","False","False","False",5202,4259.58,4244.34,1574092309.777,1574092309.999,"18.11.2019 17:00",10,752.3,762,71,"Wind blowing from the south",1,NA,"","","No Significant Clouds","10.0 and more",5,NA
1574092320,"40097e",45.8963928222656,15.7564042254192,187.348752168681,331.816456935393,11.70432,"BAW85GA ","False","False","False",5202,4373.88,4373.88,1574092319.758,1574092319.758,"18.11.2019 17:00",10,752.3,762,71,"Wind blowing from the south",1,NA,"","","No Significant Clouds","10.0 and more",5,NA
1574092330,"40097e",45.9101257324219,15.7428052948742,185.365531170132,319.502189492041,11.70432,"BAW85GA ","False","False","False",5202,4495.8,4488.18,1574092329.765,1574092329.988,"18.11.2019 17:00",10,752.3,762,71,"Wind blowing from the south",1,NA,"","","No Significant Clouds","10.0 and more",5,NA
1574092340,"40097e",45.9212951660156,15.7253879454078,182.645733327096,307.676827100946,12.02944,"BAW85GA ","False","False","False",5202,4610.1,4602.48,1574092339.806,1574092339.975,"18.11.2019 17:00",10,752.3,762,71,"Wind blowing from the south",1,NA,"","","No Significant Clouds","10.0 and more",5,NA
1574092350,"40097e",45.9304861295021,15.7064666748047,183.350757336861,304.135940077912,10.72896,"BAW85GA ","False","False","False",5202,4724.4,4716.78,1574092349.507,1574092349.984,"18.11.2019 17:00",10,752.3,762,71,"Wind blowing from the south",1,NA,"","","No Significant Clouds","10.0 and more",5,NA
1574092360,"40097e",45.9398803710938,15.6863328887195,184.77207165533,303.64582368959,12.02944,"BAW85GA ","False","False","False",5202,4846.32,4838.7,1574092359.918,1574092359.968,"18.11.2019 17:00",10,752.3,762,71,"Wind blowing from the south",1,NA,"","","No Significant Clouds","10.0 and more",5,NA
1574092370,"40097e",45.9492932335805,15.6660919189453,185.913684320952,303.602123190573,11.70432,"BAW85GA ","False","False","False",5202,4960.62,4953,1574092369.948,1574092369.972,"18.11.2019 17:00",10,752.3,762,71,"Wind blowing from the south",1,NA,"","","No Significant Clouds","10.0 and more",5,NA
1574092380,"40097e",45.9585571289062,15.6460418701172,187.055403819485,303.558956131233,12.67968,"BAW85GA ","False","False","False",5202,5090.16,5074.92,1574092379.991,1574092379.991,"18.11.2019 17:00",10,752.3,762,71,"Wind blowing from the south",1,NA,"","","No Significant Clouds","10.0 and more",5,NA
1574092390,"40097e",45.9673461914062,15.6271139005335,187.340276255834,303.69006752598,12.67968,"BAW85GA ","False","False","False",5202,5212.08,5204.46,1574092389.48,1574092389.984,"18.11.2019 17:00",10,752.3,762,71,"Wind blowing from the south",1,NA,"","","No Significant Clouds","10.0 and more",5,NA
1574092400,"40097e",45.9768987106065,15.6066284179688,188.053735853075,303.733539277511,13.32992,"BAW85GA ","False","False","False",5202,5341.62,5334,1574092399.715,1574092400,"18.11.2019 17:00",10,752.3,762,71,"Wind blowing from the south",1,NA,"","","No Significant Clouds","10.0 and more",5,NA
1574092410,"40097e",45.9863022626457,15.5863723754883,189.195130476189,303.69006752598,11.70432,"BAW85GA ","False","False","False",5202,5463.54,5448.3,1574092409.685,1574092409.985,"18.11.2019 17:00",10,752.3,762,71,"Wind blowing from the south",1,NA,"","","No Significant Clouds","10.0 and more",5,NA
1574092420,"40097e",45.9957058146848,15.566047668457,190.052073981005,303.518008645252,11.3792,"BAW85GA ","False","False","False",5202,5577.84,5562.6,1574092419.602,1574092419.974,"18.11.2019 17:00",10,752.3,762,71,"Wind blowing from the south",1,NA,"","","No Significant Clouds","10.0 and more",5,NA
1574092430,"40097e",46.0051559189619,15.5455856323242,190.765102736257,303.561505783221,12.35456,"BAW85GA ","False","False","False",5202,5692.14,5684.52,1574092429.706,1574092429.958,"18.11.2019 17:00",10,752.3,762,71,"Wind blowing from the south",1,NA,"","","No Significant Clouds","10.0 and more",5,NA
1574092440,"40097e",46.0150249933792,15.5241622924805,191.90691991869,303.519671658037,11.3792,"BAW85GA ","False","False","False",5202,5814.06,5806.44,1574092439.972,1574092439.972,"18.11.2019 17:00",10,752.3,762,71,"Wind blowing from the south",1,NA,"","","No Significant Clouds","10.0 and more",5,NA
1574092450,"40097e",46.0245682021319,15.5034942626953,193.048838198196,303.478332423643,11.3792,"BAW85GA ","False","False","False",5202,5920.74,5913.12,1574092449.984,1574092449.997,"18.11.2019 17:00",10,752.3,762,71,"Wind blowing from the south",1,NA,"","","No Significant Clouds","10.0 and more",5,NA
1574092460,"40097e",46.0335845947266,15.4839566858803,193.761766014952,303.521302831387,10.07872,"BAW85GA ","False","False","False",5202,6027.42,6019.8,1574092459.488,1574092459.962,"18.11.2019 17:00",10,752.3,762,71,"Wind blowing from the south",1,NA,"","","No Significant Clouds","10.0 and more",5,NA
1574092470,"40097e",46.0434218584481,15.4625701904297,194.90367987366,303.480347454117,10.72896,"BAW85GA ","False","False","False",5202,6134.1,6118.86,1574092469.631,1574092469.9,"18.11.2019 17:00",10,752.3,762,71,"Wind blowing from the south",1,NA,"","","No Significant Clouds","10.0 and more",5,NA
1574092480,"40097e",46.0529022216797,15.4420210675495,195.332970956101,303.397104077249,11.05408,"BAW85GA ","False","False","False",5202,6248.4,6233.16,1574092479.453,1574092479.996,"18.11.2019 17:00",10,752.3,762,71,"Wind blowing from the south",1,NA,"","","No Significant Clouds","10.0 and more",5,NA
1574092490,"40097e",46.0629730224609,15.4201823909108,194.90367987366,303.480347454117,12.35456,"BAW85GA ","False","False","False",5202,6370.32,6339.84,1574092489.848,1574092489.977,"18.11.2019 17:00",10,752.3,762,71,"Wind blowing from the south",1,NA,"","","No Significant Clouds","10.0 and more",5,NA
1574092500,"40097e",46.0724239026086,15.3996047973633,195.332970956101,303.397104077249,10.07872,"BAW85GA ","False","False","False",5202,6477,6461.76,1574092499.706,1574092499.985,"18.11.2019 17:00",10,752.3,762,71,"Wind blowing from the south",1,NA,"","","No Significant Clouds","10.0 and more",5,NA
1574092510,"40097e",46.0821533203125,15.3785247802734,196.04569215784,303.439869205782,10.07872,"BAW85GA ","False","False","False",5202,6576.06,6560.82,1574092509.539,1574092509.983,"18.11.2019 17:00",10,752.3,762,71,"Wind blowing from the south",1,NA,"","","No Significant Clouds","10.0 and more",5,NA
1574092520,"40097e",46.092041015625,15.3569440143864,196.04569215784,303.439869205782,11.3792,"BAW85GA ","False","False","False",5202,6690.36,6667.5,1574092519.992,1574092519.992,"18.11.2019 17:00",10,752.3,762,71,"Wind blowing from the south",1,NA,"","","No Significant Clouds","10.0 and more",5,NA
1574092530,"40097e",46.1015190512447,15.3362274169922,195.762672545198,303.314225966648,11.3792,"BAW85GA ","False","False","False",5202,6804.66,6781.8,1574092529.546,1574092529.99,"18.11.2019 17:00",10,752.3,762,71,"Wind blowing from the south",1,NA,"","","No Significant Clouds","10.0 and more",5,NA
1574092540,"40097e",46.1114044189453,15.3146734470274,195.332970956101,303.397104077249,12.02944,"BAW85GA ","False","False","False",5202,6926.58,6896.1,1574092539.793,1574092539.987,"18.11.2019 17:00",10,752.3,762,71,"Wind blowing from the south",1,NA,"","","No Significant Clouds","10.0 and more",5,NA
1574092550,"40097e",46.1208382299391,15.2941360473633,194.190855791305,303.437479392248,14.30528,"BAW85GA ","False","False","False",5202,7063.74,7033.26,1574092549.556,1574092549.997,"18.11.2019 17:00",10,752.3,762,71,"Wind blowing from the south",1,NA,"","","No Significant Clouds","10.0 and more",5,NA
1574092560,"40097e",46.1302185058594,15.2736756859756,193.19546990628,303.266915843588,10.72896,"BAW85GA ","False","False","False",5202,7185.66,7162.8,1574092559.504,1574092559.991,"18.11.2019 17:00",10,752.3,762,71,"Wind blowing from the south",1,NA,"","","No Significant Clouds","10.0 and more",5,NA
1574092570,"40097e",46.1399246474444,15.2523193359375,194.337987642285,303.227336342515,6.17728,"BAW85GA ","False","False","False",5202,7261.86,7246.62,1574092569.688,1574092569.988,"18.11.2019 17:00",10,752.3,762,71,"Wind blowing from the south",1,NA,"","","No Significant Clouds","10.0 and more",5,NA
1574092580,"40097e",46.1497192382812,15.2307352205602,196.623296475306,303.149557338849,5.85216,"BAW85GA ","False","False","False",5202,7315.2,7292.34,1574092579.775,1574092579.989,"18.11.2019 17:00",10,752.3,762,71,"Wind blowing from the south",1,NA,"","","No Significant Clouds","10.0 and more",5,NA
1574092590,"40097e",46.159423828125,15.209365472561,198.047577367412,303.236003851332,8.77824,"BAW85GA ","False","False","False",5202,7399.02,7376.16,1574092589.837,1574092589.966,"18.11.2019 17:00",10,752.3,762,71,"Wind blowing from the south",1,NA,"","","No Significant Clouds","10.0 and more",5,NA
1574092600,"40097e",46.1689732438427,15.1883239746094,198.759885059884,303.278762462751,8.45312,"BAW85GA ","False","False","False",5202,7490.46,7459.98,1574092599.611,1574092599.917,"18.11.2019 17:00",10,752.3,762,71,"Wind blowing from the south",1,NA,"","","No Significant Clouds","10.0 and more",5,NA
1574092610,"40097e",46.1791681839248,15.1659393310547,199.472302657416,303.32121567194,7.80288,"BAW85GA ","False","False","False",5202,7574.28,7543.8,1574092609.992,1574092609.992,"18.11.2019 17:00",10,752.3,762,71,"Wind blowing from the south",1,NA,"","","No Significant Clouds","10.0 and more",5,NA
1574092620,"40097e",46.1886182882018,15.1452026367188,199.902373882256,303.240216973427,7.47776,"BAW85GA ","False","False","False",5202,7650.48,7620,1574092619.698,1574092619.918,"18.11.2019 17:00",10,752.3,762,71,"Wind blowing from the south",1,NA,"","","No Significant Clouds","10.0 and more",5,NA
1574092630,"40097e",46.1987457275391,15.1230156130907,201.757171458115,303.244352631247,6.82752,"BAW85GA ","False","False","False",5202,7719.06,7688.58,1574092629.751,1574092629.987,"18.11.2019 17:00",10,752.3,762,71,"Wind blowing from the south",1,NA,"","","No Significant Clouds","10.0 and more",5,NA
1574092640,"40097e",46.2086791992188,15.101176936452,202.469499666688,303.286298455909,8.128,"BAW85GA ","False","False","False",5202,7795.26,7764.78,1574092639.865,1574092639.993,"18.11.2019 17:00",10,752.3,762,71,"Wind blowing from the south",1,NA,"","","No Significant Clouds","10.0 and more",5,NA
1574092650,"40097e",46.218458272643,15.0796966552734,203.181935629857,303.327950145572,7.47776,"BAW85GA ","False","False","False",5202,7879.08,7840.98,1574092649.661,1574092649.997,"18.11.2019 17:00",10,752.3,762,71,"Wind blowing from the south",1,NA,"","","No Significant Clouds","10.0 and more",5,NA
1574092660,"40097e",46.2286834716797,15.0571646341463,204.042395220384,303.169211151478,6.5024,"BAW85GA ","False","False","False",5202,7955.28,7909.56,1574092659.863,1574092659.996,"18.11.2019 17:00",10,752.3,762,71,"Wind blowing from the south",1,NA,"","","No Significant Clouds","10.0 and more",5,NA
1574092670,"40097e",46.2385222871425,15.0354766845703,205.185136505925,303.132268102434,7.47776,"BAW85GA ","False","False","False",5202,8023.86,7978.14,1574092669.606,1574092669.995,"18.11.2019 17:00",10,752.3,762,71,"Wind blowing from the south",1,NA,"","","No Significant Clouds","10.0 and more",5,NA
1574092680,"40097e",46.2490430928893,15.0122680664062,205.897173489048,303.173903296215,7.47776,"BAW85GA ","False","False","False",5202,8100.06,8054.34,1574092679.98,1574092679.98,"18.11.2019 17:00",10,752.3,762,71,"Wind blowing from the south",1,NA,"","","No Significant Clouds","10.0 and more",5,NA
1574092690,"40097e",46.2587725105932,14.9907760620117,207.039903614083,303.137265304686,8.128,"BAW85GA ","False","False","False",5202,8183.88,8138.16,1574092689.631,1574092689.992,"18.11.2019 17:00",10,752.3,762,71,"Wind blowing from the south",1,NA,"","","No Significant Clouds","10.0 and more",5,NA
1574092700,"40097e",46.2691497802734,14.9678672232279,207.751953113911,303.178511659393,7.15264,"BAW85GA ","False","False","False",5202,8260.08,8214.36,1574092699.761,1574092699.992,"18.11.2019 17:00",10,752.3,762,71,"Wind blowing from the south",1,NA,"","","No Significant Clouds","10.0 and more",5,NA
1574092710,"40097e",46.2793579101562,14.9452246689215,208.894672269209,303.142173766999,5.85216,"BAW85GA ","False","False","False",5202,8328.66,8282.94,1574092709.848,1574092709.982,"18.11.2019 17:00",10,752.3,762,71,"Wind blowing from the south",1,NA,"","","No Significant Clouds","10.0 and more",5,NA
1574092720,"40097e",46.2896118164062,14.9225151248095,210.037474533873,303.106231285199,7.15264,"BAW85GA ","False","False","False",5202,8397.24,8343.9,1574092719.923,1574092719.998,"18.11.2019 17:00",10,752.3,762,71,"Wind blowing from the south",1,NA,"","","No Significant Clouds","10.0 and more",5,NA
1574092730,"40097e",46.2999572753906,14.8996716010861,210.749442430459,303.146995832256,7.47776,"BAW85GA ","False","False","False",5202,8473.44,8412.48,1574092729.838,1574092729.998,"18.11.2019 17:00",10,752.3,762,71,"Wind blowing from the south",1,NA,"","","No Significant Clouds","10.0 and more",5,NA
1574092740,"40097e",46.3100730766684,14.8772048950195,211.180358558663,303.070677822762,7.47776,"BAW85GA ","False","False","False",5202,8549.64,8488.68,1574092739.592,1574092739.986,"18.11.2019 17:00",10,752.3,762,71,"Wind blowing from the south",1,NA,"","","No Significant Clouds","10.0 and more",5,NA
1574092750,"40097e",46.3206481933594,14.8537835842226,211.61164784208,302.994670768927,6.5024,"BAW85GA ","False","False","False",5202,8618.22,8557.26,1574092749.917,1574092749.966,"18.11.2019 17:00",10,752.3,762,71,"Wind blowing from the south",1,NA,"","","No Significant Clouds","10.0 and more",5,NA
1574092760,"40097e",46.3310394287109,14.8307390910823,212.754783193344,302.959979738925,5.85216,"BAW85GA ","False","False","False",5202,8679.18,8618.22,1574092759.859,1574092760,"18.11.2019 17:00",10,752.3,762,71,"Wind blowing from the south",1,NA,"","","No Significant Clouds","10.0 and more",5,NA
1574092770,"40097e",46.3410186767578,14.8084984756098,213.03510534038,303.076070620479,7.80288,"BAW85GA ","False","False","False",5202,8747.76,8679.18,1574092769.514,1574092769.993,"18.11.2019 17:00",10,752.3,762,71,"Wind blowing from the south",1,NA,"","","No Significant Clouds","10.0 and more",5,NA
1574092780,"40097e",46.3516442250397,14.7848510742188,212.754783193344,302.959979738925,8.77824,"BAW85GA ","False","False","False",5202,8839.2,8770.62,1574092779.687,1574092779.99,"18.11.2019 17:00",10,752.3,762,71,"Wind blowing from the south",1,NA,"","","No Significant Clouds","10.0 and more",5,NA
1574092790,"40097e",46.3620253740731,14.7617797851562,211.61164784208,302.994670768927,9.10336,"BAW85GA ","False","False","False",5202,8938.26,8862.06,1574092789.613,1574092789.989,"18.11.2019 17:00",10,752.3,762,71,"Wind blowing from the south",1,NA,"","","No Significant Clouds","10.0 and more",5,NA
1574092810,"40097e",46.3827667236328,14.7155836151867,209.045381264917,302.947023989607,7.80288,"BAW85GA ","False","False","False",5202,9098.28,9014.46,1574092809.724,1574092809.998,"18.11.2019 17:00",10,752.3,762,71,"Wind blowing from the south",1,NA,"","","No Significant Clouds","10.0 and more",5,NA
1574092820,"40097e",46.3931688211732,14.6924285888672,208.333941493709,302.905242922988,8.128,"BAW85GA ","False","False","False",5202,9182.1,9105.9,1574092820,1574092820,"18.11.2019 17:00",10,752.3,762,71,"Wind blowing from the south",1,NA,"","","No Significant Clouds","10.0 and more",5,NA
1574092830,"40097e",46.4031372070312,14.6702315167683,207.902217504097,302.982262743961,8.45312,"BAW85GA ","False","False","False",5202,9265.92,9182.1,1574092829.892,1574092829.992,"18.11.2019 17:00",10,752.3,762,71,"Wind blowing from the south",1,NA,"","","No Significant Clouds","10.0 and more",5,NA
1574092840,"40097e",46.409834522312,14.6552810668945,207.343908374463,302.743767682228,7.80288,"BAW85GA ","False","False","False",5202,9349.74,9265.92,1574092836.553,1574092839.974,"18.11.2019 17:00",10,752.3,762,71,"Wind blowing from the south",1,NA,"","","No Significant Clouds","10.0 and more",5,NA
1574092850,"40097e",46.4231484623279,14.6254119873047,207.343908374463,302.743767682228,6.82752,"BAW85GA ","False","False","False",5202,9425.94,9334.5,1574092849.716,1574092849.999,"18.11.2019 17:00",10,752.3,762,71,"Wind blowing from the south",1,NA,"","","No Significant Clouds","10.0 and more",5,NA
1574092860,"40097e",46.4334411621094,14.6023038538491,207.622613264861,302.863175544708,6.17728,"BAW85GA ","False","False","False",5202,9494.52,9403.08,1574092859.861,1574092859.996,"18.11.2019 17:00",10,752.3,762,71,"Wind blowing from the south",1,NA,"","","No Significant Clouds","10.0 and more",5,NA
1574092870,"40097e",46.4433521335408,14.5800933837891,207.902217504097,302.982262743961,4.22656,"BAW85GA ","False","False","False",5202,9555.48,9464.04,1574092869.615,1574092869.995,"18.11.2019 17:00",10,752.3,762,71,"Wind blowing from the south",1,NA,"","","No Significant Clouds","10.0 and more",5,NA
1574092880,"40097e",46.4535005213851,14.5572967529297,209.631353607717,302.676088803194,1.6256,"BAW85GA ","False","False","False",5202,9578.34,9486.9,1574092879.711,1574092879.998,"18.11.2019 17:00",10,752.3,762,71,"Wind blowing from the south",1,NA,"","","No Significant Clouds","10.0 and more",5,NA
1574092890,"40097e",46.4639282226562,14.5337732826791,211.485919918996,302.684981520726,4.8768,"BAW85GA ","False","False","False",5202,9616.44,9517.38,1574092889.769,1574092889.994,"18.11.2019 17:00",10,752.3,762,71,"Wind blowing from the south",1,NA,"","","No Significant Clouds","10.0 and more",5,NA
1574092900,"40097e",46.4739835060249,14.5110855102539,211.485919918996,302.684981520726,5.85216,"BAW85GA ","False","False","False",5202,9677.4,9578.34,1574092899.679,1574092899.999,"18.11.2019 17:00",10,752.3,762,71,"Wind blowing from the south",1,NA,"","","No Significant Clouds","10.0 and more",5,NA
1574092910,"40097e",46.4822232521186,14.492546081543,212.907731936663,302.76849907877,2.60096,"BAW85GA ","False","False","False",5202,9616.44,9624.06,1574092907.642,1574092909.988,"18.11.2019 17:00",10,752.3,762,71,"Wind blowing from the south",1,NA,"","","No Significant Clouds","10.0 and more",5,NA
1574092920,"40097e",46.4946061473782,14.464599609375,214.051363974094,302.735226272108,2.92608,"BAW85GA ","False","False","False",5202,9753.6,9654.54,1574092919.596,1574092919.977,"18.11.2019 17:00",10,752.3,762,71,"Wind blowing from the south",1,NA,"","","No Significant Clouds","10.0 and more",5,NA
1574092930,"40097e",46.5035705566406,14.444408881955,215.195067430035,302.70230712634,3.90144,"BAW85GA ","False","False","False",5202,9791.7,9685.02,1574092928.247,1574092929.935,"18.11.2019 17:00",10,752.3,762,71,"Wind blowing from the south",1,NA,"","","No Significant Clouds","10.0 and more",5,NA
1574092940,"40097e",46.5148773193359,14.4189527558117,215.905962842059,302.7434289606,2.92608,"BAW85GA ","False","False","False",5202,9761.22,9723.12,1574092939.014,1574092940,"18.11.2019 17:00",10,752.3,762,71,"Wind blowing from the south",1,NA,"","","No Significant Clouds","10.0 and more",5,NA
1574092950,"40097e",46.5237121582031,14.3989897937309,217.482684090449,302.637507584286,3.57632,"BAW85GA ","False","False","False",5202,9852.66,9745.98,1574092947.407,1574092950,"18.11.2019 17:00",10,752.3,762,71,"Wind blowing from the south",1,NA,"","","No Significant Clouds","10.0 and more",5,NA
1574092960,"40097e",46.5370152360302,14.3689498901367,218.193403784979,302.67840939647,3.90144,"BAW85GA ","False","False","False",5202,9898.38,9791.7,1574092959.926,1574092959.999,"18.11.2019 17:00",10,752.3,762,71,"Wind blowing from the south",1,NA,"","","No Significant Clouds","10.0 and more",5,NA
1574092970,"40097e",46.5472101761123,14.345947265625,220.047971313874,302.686936541011,1.30048,"BAW85GA ","False","False","False",5202,9913.62,9806.94,1574092969.589,1574092969.998,"18.11.2019 17:00",10,752.3,762,71,"Wind blowing from the south",1,NA,"","","No Significant Clouds","10.0 and more",5,NA
1574092980,"40097e",46.5578706385726,14.3217086791992,221.191777069388,302.655159555761,4.55168,"BAW85GA ","False","False","False",5202,9951.72,9829.8,1574092979.577,1574092979.972,"18.11.2019 17:00",10,752.3,762,71,"Wind blowing from the south",1,NA,"","","No Significant Clouds","10.0 and more",5,NA
1574092990,"40097e",46.5688018798828,14.2970313095465,220.48111988322,302.614739040111,6.82752,"BAW85GA ","False","False","False",5202,10020.3,9890.76,1574092989.762,1574092989.999,"18.11.2019 17:00",10,752.3,762,71,"Wind blowing from the south",1,NA,"","","No Significant Clouds","10.0 and more",5,NA
1574093000,"40097e",46.5796570858713,14.2724075317383,219.770573137807,302.574057134573,6.17728,"BAW85GA ","False","False","False",5202,10096.5,9966.96,1574092999.951,1574092999.971,"18.11.2019 17:00",10,752.3,762,71,"Wind blowing from the south",1,NA,"","","No Significant Clouds","10.0 and more",5,NA
1574093010,"40097e",46.5898520259534,14.249267578125,219.060137907831,302.533111336823,8.128,"BAW85GA ","False","False","False",5202,10172.7,10043.16,1574093009.597,1574093009.983,"18.11.2019 17:00",10,752.3,762,71,"Wind blowing from the south",1,NA,"","","No Significant Clouds","10.0 and more",5,NA
1574093020,"40097e",46.6006622314453,14.2248162990663,218.904233951472,302.719045594901,4.55168,"BAW85GA ","False","False","False",5202,10233.66,10111.74,1574093019.777,1574093019.945,"18.11.2019 17:00",10,752.3,762,71,"Wind blowing from the south",1,NA,"","","No Significant Clouds","10.0 and more",5,NA
1574093030,"40097e",46.6112823486328,14.2006999690358,219.770573137807,302.574057134573,1.95072,"BAW85GA ","False","False","False",5202,10256.52,10134.6,1574093029.907,1574093029.999,"18.11.2019 17:00",10,752.3,762,71,"Wind blowing from the south",1,NA,"","","No Significant Clouds","10.0 and more",5,NA
1574093040,"40097e",46.6216937566208,14.1769638061523,221.507423874004,302.287487179129,0.97536,"BAW85GA ","False","False","False",5202,10271.76,10149.84,1574093039.525,1574093039.997,"18.11.2019 17:00",10,752.3,762,71,"Wind blowing from the south",1,NA,"","","No Significant Clouds","10.0 and more",5,NA
1574093050,"40097e",46.6326141357422,14.1519983803354,222.492718144347,302.440710410671,3.90144,"BAW85GA ","False","False","False",5202,10302.24,10172.7,1574093049.791,1574093049.994,"18.11.2019 17:00",10,752.3,762,71,"Wind blowing from the south",1,NA,"","","No Significant Clouds","10.0 and more",5,NA
1574093060,"40097e",46.6431543382548,14.1280059814453,222.7691026597,302.55237647954,3.90144,"BAW85GA ","False","False","False",5202,10347.96,10218.42,1574093059.573,1574093059.997,"18.11.2019 17:00",10,752.3,762,71,"Wind blowing from the south",1,NA,"","","No Significant Clouds","10.0 and more",5,NA
1574093070,"40097e",46.6543734275689,14.1025314331055,223.913191497664,302.521673140793,2.27584,"BAW85GA ","False","False","False",5202,10378.44,10248.9,1574093069.962,1574093069.995,"18.11.2019 17:00",10,752.3,762,71,"Wind blowing from the south",1,NA,"","","No Significant Clouds","10.0 and more",5,NA
1574093080,"40097e",46.6651735467426,14.0778121948242,225.491433036277,302.421064762507,0.65024,"BAW85GA ","False","False","False",5202,10386.06,10256.52,1574093079.961,1574093079.987,"18.11.2019 17:00",10,752.3,762,71,"Wind blowing from the south",1,NA,"","","No Significant Clouds","10.0 and more",5,NA
1574093090,"40097e",46.6758728027344,14.0533223966273,227.780211341914,302.362019796148,-0.32512,"BAW85GA ","False","False","False",5202,10386.06,10256.52,1574093089.835,1574093089.992,"18.11.2019 17:00",10,752.3,762,71,"Wind blowing from the south",1,NA,"","","No Significant Clouds","10.0 and more",5,NA
1574093100,"40097e",46.6868133544922,14.0280672399009,228.924689846925,302.332940074992,0.65024,"BAW85GA ","False","False","False",5202,10386.06,10256.52,1574093099.775,1574093099.996,"18.11.2019 17:00",10,752.3,762,71,"Wind blowing from the south",1,NA,"","","No Significant Clouds","10.0 and more",5,NA
1574093110,"40097e",46.6969757080078,14.0048217773438,229.634571341834,302.372746031176,3.90144,"BAW85GA ","False","False","False",5202,10416.54,10279.38,1574093109.079,1574093109.99,"18.11.2019 17:00",10,752.3,762,71,"Wind blowing from the south",1,NA,"","","No Significant Clouds","10.0 and more",5,NA
1574093120,"40097e",46.7088775634766,13.9775569264482,229.634571341834,302.372746031176,4.55168,"BAW85GA ","False","False","False",5202,10462.26,10317.48,1574093119.757,1574093119.986,"18.11.2019 17:00",10,752.3,762,71,"Wind blowing from the south",1,NA,"","","No Significant Clouds","10.0 and more",5,NA
1574093130,"40097e",46.7196862172272,13.9527053833008,229.634571341834,302.372746031176,3.90144,"BAW85GA ","False","False","False",5202,10507.98,10363.2,1574093129.585,1574093130,"18.11.2019 17:00",10,752.3,762,71,"Wind blowing from the south",1,NA,"","","No Significant Clouds","10.0 and more",5,NA
1574093140,"40097e",46.73071909759,13.9273681640625,230.344562991406,302.412306618351,3.57632,"BAW85GA ","False","False","False",5202,10538.46,10401.3,1574093139.675,1574093139.988,"18.11.2019 17:00",10,752.3,762,71,"Wind blowing from the south",1,NA,"","","No Significant Clouds","10.0 and more",5,NA
1574093150,"40097e",46.7418450824285,13.9019622802734,231.05466378018,302.451624060901,4.55168,"BAW85GA ","False","False","False",5202,10576.56,10431.78,1574093149.657,1574093149.975,"18.11.2019 17:00",10,752.3,762,71,"Wind blowing from the south",1,NA,"","","No Significant Clouds","10.0 and more",5,NA
1574093160,"40097e",46.7527770996094,13.8769382383765,231.488939260792,302.38330041917,3.90144,"BAW85GA ","False","False","False",5202,10614.66,10469.88,1574093159.436,1574093159.952,"18.11.2019 17:00",10,752.3,762,71,"Wind blowing from the south",1,NA,"","","No Significant Clouds","10.0 and more",5,NA
1574093170,"40097e",46.7643585205078,13.8503432855373,232.475188774765,302.529538278331,4.55168,"BAW85GA ","False","False","False",5202,10660.38,10515.6,1574093169.821,1574093169.997,"18.11.2019 17:00",10,752.3,762,71,"Wind blowing from the south",1,NA,"","","No Significant Clouds","10.0 and more",5,NA
1574093180,"40097e",46.7753161414195,13.8251953125,233.068114696222,302.286899747006,3.90144,"BAW85GA ","False","False","False",5202,10698.48,10553.7,1574093179.602,1574093179.995,"18.11.2019 17:00",10,752.3,762,71,"Wind blowing from the south",1,NA,"","","No Significant Clouds","10.0 and more",5,NA
1574093190,"40097e",46.7865352307336,13.799446105957,233.777867172514,302.326139994377,3.90144,"BAW85GA ","False","False","False",5202,10736.58,10591.8,1574093189.711,1574093189.992,"18.11.2019 17:00",10,752.3,762,71,"Wind blowing from the south",1,NA,"","","No Significant Clouds","10.0 and more",5,NA
1574093200,"40097e",46.7977543200477,13.7735595703125,234.212743145063,302.258843675968,3.57632,"BAW85GA ","False","False","False",5202,10774.68,10629.9,1574093199.671,1574093199.99,"18.11.2019 17:00",10,752.3,762,71,"Wind blowing from the south",1,NA,"","","No Significant Clouds","10.0 and more",5,NA
1574093210,"40097e",46.8087615966797,13.7481168421303,234.647941027828,302.191796892219,3.90144,"BAW85GA ","False","False","False",5202,10812.78,10668,1574093209.498,1574093210,"18.11.2019 17:00",10,752.3,762,71,"Wind blowing from the south",1,NA,"","","No Significant Clouds","10.0 and more",5,NA
1574093220,"40097e",46.820658021054,13.7206192016602,235.357427206601,302.23106050526,4.22656,"BAW85GA ","False","False","False",5202,10850.88,10706.1,1574093219.935,1574093219.992,"18.11.2019 17:00",10,752.3,762,71,"Wind blowing from the south",1,NA,"","","No Significant Clouds","10.0 and more",5,NA
1574093230,"40097e",46.8315046924656,13.6956253051758,235.63220000025,302.3368755722,4.22656,"BAW85GA ","False","False","False",5202,10888.98,10744.2,1574093229.562,1574093229.997,"18.11.2019 17:00",10,752.3,762,71,"Wind blowing from the south",1,NA,"","","No Significant Clouds","10.0 and more",5,NA
1574093240,"40097e",46.8430480957031,13.6690688714748,235.63220000025,302.3368755722,3.90144,"BAW85GA ","False","False","False",5202,10934.7,10789.92,1574093239.909,1574093239.992,"18.11.2019 17:00",10,752.3,762,71,"Wind blowing from the south",1,NA,"","","No Significant Clouds","10.0 and more",5,NA
1574093250,"40097e",46.8543090820312,13.6429428472752,235.955448318831,301.992141752458,1.95072,"BAW85GA ","False","False","False",5202,10957.56,10812.78,1574093249.856,1574093249.993,"18.11.2019 17:00",10,752.3,762,71,"Wind blowing from the south",1,NA,"","","No Significant Clouds","10.0 and more",5,NA
1574093260,"40097e",46.8650665283203,13.6177546803544,236.391916083096,301.92608114175,0.32512,"BAW85GA ","False","False","False",5202,10965.18,10828.02,1574093259.525,1574093259.998,"18.11.2019 17:00",10,752.3,762,71,"Wind blowing from the south",1,NA,"","","No Significant Clouds","10.0 and more",5,NA
1574093270,"40097e",46.8765672586732,13.5910034179687,236.391916083096,301.92608114175,0.32512,"BAW85GA ","False","False","False",5202,10972.8,10835.64,1574093269.607,1574093269.988,"18.11.2019 17:00",10,752.3,762,71,"Wind blowing from the south",1,NA,"","","No Significant Clouds","10.0 and more",5,NA
1574093280,"40097e",46.8880462646484,13.5642013549805,236.664369561255,302.031786791244,0,"BAW85GA ","False","False","False",5202,10972.8,10835.64,1574093279.807,1574093279.998,"18.11.2019 17:00",10,752.3,762,71,"Wind blowing from the south",1,NA,"","","No Significant Clouds","10.0 and more",5,NA
1574093290,"40097e",46.8995175119174,13.5374802809495,235.792757159525,302.164390513599,0,"BAW85GA ","False","False","False",5202,10972.8,10835.64,1574093289.993,1574093289.993,"18.11.2019 17:00",10,752.3,762,71,"Wind blowing from the south",1,NA,"","","No Significant Clouds","10.0 and more",5,NA
1574093300,"40097e",46.9102710788533,13.5125497671274,233.229302264373,302.112553117261,0,"BAW85GA ","False","False","False",5202,10972.8,10835.64,1574093299.588,1574093299.934,"18.11.2019 17:00",10,752.3,762,71,"Wind blowing from the south",1,NA,"","","No Significant Clouds","10.0 and more",5,NA
1574093310,"40097e",46.9215545654297,13.486198425293,231.538665839685,301.92441890091,0,"BAW85GA ","False","False","False",5202,10972.8,10835.64,1574093309.849,1574093309.996,"18.11.2019 17:00",10,752.3,762,71,"Wind blowing from the south",1,NA,"","","No Significant Clouds","10.0 and more",5,NA
1574093320,"40097e",46.9324493408203,13.4605865478516,229.413185640581,301.801096768624,-0.32512,"BAW85GA ","False","False","False",5202,10972.8,10828.02,1574093319.746,1574093319.997,"18.11.2019 17:00",10,752.3,762,71,"Wind blowing from the south",1,NA,"","","No Significant Clouds","10.0 and more",5,NA
1574093330,"40097e",46.9432983398438,13.4350433349609,228.976129117216,301.868932455063,-0.32512,"BAW85GA ","False","False","False",5202,10972.8,10835.64,1574093329.764,1574093329.995,"18.11.2019 17:00",10,752.3,762,71,"Wind blowing from the south",1,NA,"","","No Significant Clouds","10.0 and more",5,NA
1574093340,"40097e",46.9539370779264,13.410151554988,228.539394788964,301.937027502608,-0.32512,"BAW85GA ","False","False","False",5202,10972.8,10828.02,1574093339.531,1574093339.995,"18.11.2019 17:00",10,752.3,762,71,"Wind blowing from the south",1,NA,"","","No Significant Clouds","10.0 and more",5,NA
1574093350,"40097e",46.9652027194783,13.3836012620192,228.976129117216,301.868932455063,-0.32512,"BAW85GA ","False","False","False",5202,10972.8,10828.02,1574093349.985,1574093349.994,"18.11.2019 17:00",10,752.3,762,71,"Wind blowing from the south",1,NA,"","","No Significant Clouds","10.0 and more",5,NA
1574093360,"40097e",46.9758911132812,13.3586196899414,229.684699390453,301.910162389626,-0.32512,"BAW85GA ","False","False","False",5202,10972.8,10820.4,1574093359.76,1574093360,"18.11.2019 17:00",10,752.3,762,71,"Wind blowing from the south",1,NA,"","","No Significant Clouds","10.0 and more",5,NA
1574093370,"40097e",46.9867858886719,13.3330078125,230.830053987671,301.883563874609,-0.32512,"BAW85GA ","False","False","False",5202,10972.8,10820.4,1574093369.874,1574093369.994,"18.11.2019 17:00",10,752.3,762,71,"Wind blowing from the south",1,NA,"","","No Significant Clouds","10.0 and more",5,NA
1574093380,"40097e",46.9977722167969,13.3071899414062,231.538665839685,301.92441890091,-0.32512,"BAW85GA ","False","False","False",5202,10972.8,10820.4,1574093379.895,1574093379.93,"18.11.2019 17:00",10,752.3,762,71,"Wind blowing from the south",1,NA,"","","No Significant Clouds","10.0 and more",5,NA
1574093390,"40097e",47.0083465576172,13.2824020385742,231.538665839685,301.92441890091,0,"BAW85GA ","False","False","False",5202,10972.8,10820.4,1574093389.431,1574093389.918,"18.11.2019 17:00",10,752.3,762,71,"Wind blowing from the south",1,NA,"","","No Significant Clouds","10.0 and more",5,NA
1574093400,"40097e",47.0197448730469,13.2555541992188,231.97545784007,301.857228020038,0,"BAW85GA ","False","False","False",5202,10972.8,10820.4,1574093399.867,1574093399.98,"18.11.2019 17:00",10,752.3,762,71,"Wind blowing from the south",1,NA,"","","No Significant Clouds","10.0 and more",5,NA
1574093410,"40097e",47.0305155091366,13.230215219351,231.704344027622,301.749178794109,-0.32512,"BAW85GA ","False","False","False",5202,10972.8,10820.4,1574093409.72,1574093409.998,"18.11.2019 17:00",10,752.3,762,71,"Wind blowing from the south",1,NA,"","","No Significant Clouds","10.0 and more",5,NA
1574093420,"40097e",47.0418742551642,13.2032423753005,231.704344027622,301.749178794109,0,"BAW85GA ","False","False","False",5202,10972.8,10812.78,1574093419.946,1574093420,"18.11.2019 17:00",10,752.3,762,71,"Wind blowing from the south",1,NA,"","","No Significant Clouds","10.0 and more",5,NA
1574093430,"40097e",47.0526580810547,13.1778945922852,231.97545784007,301.857228020038,0,"BAW85GA ","False","False","False",5202,10972.8,10812.78,1574093429.919,1574093430,"18.11.2019 17:00",10,752.3,762,71,"Wind blowing from the south",1,NA,"","","No Significant Clouds","10.0 and more",5,NA
1574093440,"40097e",47.0635986328125,13.1520080566406,231.704344027622,301.749178794109,-0.32512,"BAW85GA ","False","False","False",5202,10972.8,10812.78,1574093439.789,1574093439.994,"18.11.2019 17:00",10,752.3,762,71,"Wind blowing from the south",1,NA,"","","No Significant Clouds","10.0 and more",5,NA
1574093450,"40097e",47.0748332395392,13.1256338266226,231.538665839685,301.92441890091,-0.32512,"BAW85GA ","False","False","False",5202,10972.8,10812.78,1574093449.941,1574093450,"18.11.2019 17:00",10,752.3,762,71,"Wind blowing from the south",1,NA,"","","No Significant Clouds","10.0 and more",5,NA
1574093460,"40097e",47.085354045286,13.1008441631611,230.830053987671,301.883563874609,-0.32512,"BAW85GA ","False","False","False",5202,10972.8,10805.16,1574093459.618,1574093459.994,"18.11.2019 17:00",10,752.3,762,71,"Wind blowing from the south",1,NA,"","","No Significant Clouds","10.0 and more",5,NA
1574093470,"40097e",47.0962938211732,13.0751389723558,230.121560223281,301.842457259985,-0.32512,"BAW85GA ","False","False","False",5202,10972.8,10805.16,1574093469.522,1574093470,"18.11.2019 17:00",10,752.3,762,71,"Wind blowing from the south",1,NA,"","","No Significant Clouds","10.0 and more",5,NA
1574093480,"40097e",47.1071404925847,13.0495042067308,229.850562521117,301.733519153416,-0.32512,"BAW85GA ","False","False","False",5202,10972.8,10797.54,1574093479.576,1574093479.958,"18.11.2019 17:00",10,752.3,762,71,"Wind blowing from the south",1,NA,"","","No Significant Clouds","10.0 and more",5,NA
1574093490,"40097e",47.1182098388672,13.023193359375,230.018607201639,301.55713234317,-0.32512,"BAW85GA ","False","False","False",5202,10972.8,10797.54,1574093489.777,1574093489.991,"18.11.2019 17:00",10,752.3,762,71,"Wind blowing from the south",1,NA,"","","No Significant Clouds","10.0 and more",5,NA
1574093500,"40097e",47.12878728317,12.9979529747596,230.457131838033,301.490196046719,0,"BAW85GA ","False","False","False",5202,10972.8,10797.54,1574093499.726,1574093499.996,"18.11.2019 17:00",10,752.3,762,71,"Wind blowing from the south",1,NA,"","","No Significant Clouds","10.0 and more",5,NA
1574093510,"40097e",47.1367950439453,12.9787673950195,231.603237295841,301.465763849159,0,"BAW85GA ","False","False","False",5202,10972.8,10797.54,1574093507.053,1574093509.967,"18.11.2019 17:00",10,752.3,762,71,"Wind blowing from the south",1,NA,"","","No Significant Clouds","10.0 and more",5,NA
1574093520,"40097e",47.1502990722656,12.9464950561523,233.018146625295,301.549493811254,-0.32512,"BAW85GA ","False","False","False",5202,10972.8,10789.92,1574093519.432,1574093519.993,"18.11.2019 17:00",10,752.3,762,71,"Wind blowing from the south",1,NA,"","","No Significant Clouds","10.0 and more",5,NA
1574093530,"40097e",47.1616516113281,12.919303894043,233.725786206506,301.590978590034,-0.32512,"BAW85GA ","False","False","False",5202,10965.18,10789.92,1574093529.91,1574093529.986,"18.11.2019 17:00",10,752.3,762,71,"Wind blowing from the south",1,NA,"","","No Significant Clouds","10.0 and more",5,NA
1574093540,"40097e",47.1726379394531,12.8930740356445,234.164149530686,301.525038602106,0,"BAW85GA ","False","False","False",5202,10972.8,10789.92,1574093539.76,1574093539.969,"18.11.2019 17:00",10,752.3,762,71,"Wind blowing from the south",1,NA,"","","No Significant Clouds","10.0 and more",5,NA
1574093550,"40097e",47.1838585805085,12.8661874624399,235.310194680263,301.500821599882,0.32512,"BAW85GA ","False","False","False",5202,10972.8,10789.92,1574093549.988,1574093549.989,"18.11.2019 17:00",10,752.3,762,71,"Wind blowing from the south",1,NA,"","","No Significant Clouds","10.0 and more",5,NA
1574093560,"40097e",47.1947021484375,12.8402709960938,235.748979687757,301.435492560045,0,"BAW85GA ","False","False","False",5202,10972.8,10789.92,1574093559.816,1574093559.996,"18.11.2019 17:00",10,752.3,762,71,"Wind blowing from the south",1,NA,"","","No Significant Clouds","10.0 and more",5,NA
1574093570,"40097e",47.2055519233316,12.814213679387,236.895177991574,301.411870810116,-0.32512,"BAW85GA ","False","False","False",5202,10972.8,10782.3,1574093569.669,1574093570,"18.11.2019 17:00",10,752.3,762,71,"Wind blowing from the south",1,NA,"","","No Significant Clouds","10.0 and more",5,NA
1574093580,"40097e",47.21667790817,12.7875225360577,238.041416173305,301.388476547342,0,"BAW85GA ","False","False","False",5202,10972.8,10789.92,1574093579.663,1574093579.988,"18.11.2019 17:00",10,752.3,762,71,"Wind blowing from the south",1,NA,"","","No Significant Clouds","10.0 and more",5,NA
1574093590,"40097e",47.2280731201172,12.760139465332,238.748577510551,301.429565614839,0,"BAW85GA ","False","False","False",5202,10972.8,10789.92,1574093589.743,1574093589.999,"18.11.2019 17:00",10,752.3,762,71,"Wind blowing from the south",1,NA,"","","No Significant Clouds","10.0 and more",5,NA
1574093600,"40097e",47.2395350569386,12.7328021709736,239.017237429527,301.534791905188,0.32512,"BAW85GA ","False","False","False",5202,10972.8,10789.92,1574093599.94,1574093600,"18.11.2019 17:00",10,752.3,762,71,"Wind blowing from the south",1,NA,"","","No Significant Clouds","10.0 and more",5,NA
1574093610,"40097e",47.2505493164062,12.7064437866211,239.017237429527,301.534791905188,0.32512,"BAW85GA ","False","False","False",5202,10972.8,10789.92,1574093609.856,1574093609.957,"18.11.2019 17:00",10,752.3,762,71,"Wind blowing from the south",1,NA,"","","No Significant Clouds","10.0 and more",5,NA
1574093620,"40097e",47.2617645263672,12.6795272827148,239.017237429527,301.534791905188,0.32512,"BAW85GA ","False","False","False",5202,10972.8,10789.92,1574093619.841,1574093619.996,"18.11.2019 17:00",10,752.3,762,71,"Wind blowing from the south",1,NA,"","","No Significant Clouds","10.0 and more",5,NA
1574093630,"40097e",47.2727268025026,12.6532217172476,238.309762774556,301.494061450741,0,"BAW85GA ","False","False","False",5202,10980.42,10797.54,1574093629.634,1574093630,"18.11.2019 17:00",10,752.3,762,71,"Wind blowing from the south",1,NA,"","","No Significant Clouds","10.0 and more",5,NA
1574093640,"40097e",47.2838993395789,12.626460148738,238.041416173305,301.388476547342,0,"BAW85GA ","False","False","False",5202,10980.42,10797.54,1574093639.636,1574093639.998,"18.11.2019 17:00",10,752.3,762,71,"Wind blowing from the south",1,NA,"","","No Significant Clouds","10.0 and more",5,NA
1574093650,"40097e",47.2950253244174,12.5996281550481,237.602409266834,301.453088462542,-0.32512,"BAW85GA ","False","False","False",5202,10972.8,10789.92,1574093649.645,1574093649.989,"18.11.2019 17:00",10,752.3,762,71,"Wind blowing from the south",1,NA,"","","No Significant Clouds","10.0 and more",5,NA
1574093660,"40097e",47.3063049316406,12.5724105834961,236.188070046799,301.370406338481,0,"BAW85GA ","False","False","False",5202,10972.8,10789.92,1574093659.834,1574093660,"18.11.2019 17:00",10,752.3,762,71,"Wind blowing from the south",1,NA,"","","No Significant Clouds","10.0 and more",5,NA
1574093670,"40097e",47.3175566075212,12.5453303410457,235.041801423417,301.393896945751,0.32512,"BAW85GA ","False","False","False",5202,10972.8,10789.92,1574093669.953,1574093669.974,"18.11.2019 17:00",10,752.3,762,71,"Wind blowing from the south",1,NA,"","","No Significant Clouds","10.0 and more",5,NA
1574093680,"40097e",47.3274536132812,12.5214614868164,234.774228605964,301.286728193047,0,"BAW85GA ","False","False","False",5202,10972.8,10789.92,1574093679.11,1574093679.983,"18.11.2019 17:00",10,752.3,762,71,"Wind blowing from the south",1,NA,"","","No Significant Clouds","10.0 and more",5,NA
1574093690,"40097e",47.3390171891552,12.4934269831731,234.067497371693,301.244510083614,-0.32512,"BAW85GA ","False","False","False",5202,10972.8,10789.92,1574093689.72,1574093689.928,"18.11.2019 17:00",10,752.3,762,71,"Wind blowing from the south",1,NA,"","","No Significant Clouds","10.0 and more",5,NA
1574093700,"40097e",47.3492431640625,12.4687271118164,232.48144995845,301.333401593921,-0.32512,"BAW85GA ","False","False","False",5202,10972.8,10789.92,1574093699.106,1574093699.99,"18.11.2019 17:30",10,752.3,762,71,"Wind blowing from the west-southwest",2,NA,"","","No Significant Clouds","10.0 and more",5,NA
1574093710,"40097e",47.3609161376953,12.4403686523438,232.214346007559,301.224981680325,-0.32512,"BAW85GA ","False","False","False",5202,10972.8,10789.92,1574093709.872,1574093709.993,"18.11.2019 17:30",10,752.3,762,71,"Wind blowing from the west-southwest",2,NA,"","","No Significant Clouds","10.0 and more",5,NA
1574093720,"40097e",47.3717193603516,12.4140701293945,232.654419631436,301.159304508344,0,"BAW85GA ","False","False","False",5202,10972.8,10789.92,1574093719.818,1574093719.995,"18.11.2019 17:30",10,752.3,762,71,"Wind blowing from the west-southwest",2,NA,"","","No Significant Clouds","10.0 and more",5,NA
1574093730,"40097e",47.3823107703257,12.3882821890024,232.654419631436,301.159304508344,0,"BAW85GA ","False","False","False",5202,10972.8,10789.92,1574093729.608,1574093729.971,"18.11.2019 17:30",10,752.3,762,71,"Wind blowing from the west-southwest",2,NA,"","","No Significant Clouds","10.0 and more",5,NA
1574093740,"40097e",47.3931108894995,12.3620135967548,232.654419631436,301.159304508344,0,"BAW85GA ","False","False","False",5202,10972.8,10789.92,1574093739.611,1574093740,"18.11.2019 17:30",10,752.3,762,71,"Wind blowing from the west-southwest",2,NA,"","","No Significant Clouds","10.0 and more",5,NA
1574093750,"40097e",47.4041290283203,12.3351058959961,232.921018925097,301.267594938894,0,"BAW85GA ","False","False","False",5202,10972.8,10789.92,1574093749.739,1574093749.91,"18.11.2019 17:30",10,752.3,762,71,"Wind blowing from the west-southwest",2,NA,"","","No Significant Clouds","10.0 and more",5,NA
1574093760,"40097e",47.4148042323226,12.3092651367187,233.360893991872,301.202036282984,0,"BAW85GA ","False","False","False",5202,10980.42,10789.92,1574093759.656,1574093759.998,"18.11.2019 17:30",10,752.3,762,71,"Wind blowing from the west-southwest",2,NA,"","","No Significant Clouds","10.0 and more",5,NA
1574093770,"40097e",47.4256509037341,12.28271484375,234.947763188543,301.114364693113,-0.65024,"BAW85GA ","False","False","False",5202,10980.42,10782.3,1574093769.738,1574093769.988,"18.11.2019 17:30",10,752.3,762,71,"Wind blowing from the west-southwest",2,NA,"","","No Significant Clouds","10.0 and more",5,NA
1574093780,"40097e",47.4365906796213,12.2559532752404,237.417438737198,300.899881664987,-0.65024,"BAW85GA ","False","False","False",5202,10972.8,10774.68,1574093779.691,1574093779.982,"18.11.2019 17:30",10,752.3,762,71,"Wind blowing from the west-southwest",2,NA,"","","No Significant Clouds","10.0 and more",5,NA
1574093790,"40097e",47.4478454589844,12.228401184082,237.773879766424,301.28265368164,-0.32512,"BAW85GA ","False","False","False",5202,10965.18,10774.68,1574093789.872,1574093789.988,"18.11.2019 17:30",10,752.3,762,71,"Wind blowing from the west-southwest",2,NA,"","","No Significant Clouds","10.0 and more",5,NA
1574093800,"40097e",47.4591979980469,12.2018280029297,237.859012340159,303.174522535991,0.32512,"BAW85GA ","False","False","False",5202,10972.8,10774.68,1574093799.771,1574093800,"18.11.2019 17:30",10,752.3,762,71,"Wind blowing from the west-southwest",2,NA,"","","No Significant Clouds","10.0 and more",5,NA
1574093810,"40097e",47.4715048579846,12.1751051682692,240.057452892231,305.052373876566,0,"BAW85GA ","False","False","False",5202,10972.8,10774.68,1574093809.95,1574093809.967,"18.11.2019 17:30",10,752.3,762,71,"Wind blowing from the west-southwest",2,NA,"","","No Significant Clouds","10.0 and more",5,NA
1574093820,"40097e",47.4837015442929,12.1503155048077,242.818112961253,306.991286827595,-0.32512,"BAW85GA ","False","False","False",5202,10972.8,10774.68,1574093819.597,1574093820,"18.11.2019 17:30",10,752.3,762,71,"Wind blowing from the west-southwest",2,NA,"","","No Significant Clouds","10.0 and more",5,NA
1574093830,"40097e",47.4972839355469,12.1243057250977,243.46629594949,307.790038154384,-0.32512,"BAW85GA ","False","False","False",5202,10965.18,10767.06,1574093829.929,1574093829.993,"18.11.2019 17:30",10,752.3,762,71,"Wind blowing from the west-southwest",2,NA,"","","No Significant Clouds","10.0 and more",5,NA
1574093840,"40097e",47.5104225288003,12.0993276742788,243.059955051012,307.864347716653,0.32512,"BAW85GA ","False","False","False",5202,10972.8,10774.68,1574093839.602,1574093839.953,"18.11.2019 17:30",10,752.3,762,71,"Wind blowing from the west-southwest",2,NA,"","","No Significant Clouds","10.0 and more",5,NA
1574093850,"40097e",47.5238295732918,12.0738337590144,243.151400142165,307.694240466689,0.32512,"BAW85GA ","False","False","False",5202,10972.8,10774.68,1574093849.739,1574093849.993,"18.11.2019 17:30",10,752.3,762,71,"Wind blowing from the west-southwest",2,NA,"","","No Significant Clouds","10.0 and more",5,NA
1574093860,"40097e",47.5374755859375,12.0478134155273,243.151400142165,307.694240466689,-0.32512,"BAW85GA ","False","False","False",5202,10972.8,10774.68,1574093859.811,1574093859.996,"18.11.2019 17:30",10,752.3,762,71,"Wind blowing from the west-southwest",2,NA,"","","No Significant Clouds","10.0 and more",5,NA
1574093870,"40097e",47.5507965087891,12.0222702026367,242.744532126123,307.768486042307,0,"BAW85GA ","False","False","False",5202,10972.8,10774.68,1574093869.899,1574093870,"18.11.2019 17:30",10,752.3,762,71,"Wind blowing from the west-southwest",2,NA,"","","No Significant Clouds","10.0 and more",5,NA
1574093880,"40097e",47.564423124669,11.9963660606971,242.02280285422,307.746805387275,0,"BAW85GA ","False","False","False",5202,10972.8,10774.68,1574093879.958,1574093879.997,"18.11.2019 17:30",10,752.3,762,71,"Wind blowing from the west-southwest",2,NA,"","","No Significant Clouds","10.0 and more",5,NA
1574093890,"40097e",47.5768890380859,11.9725570678711,241.30110844381,307.724995042111,0,"BAW85GA ","False","False","False",5202,10972.8,10774.68,1574093889.432,1574093889.931,"18.11.2019 17:30",10,752.3,762,71,"Wind blowing from the west-southwest",2,NA,"","","No Significant Clouds","10.0 and more",5,NA
1574093900,"40097e",47.5908647957495,11.9457303560697,240.986678012948,307.628251806316,0,"BAW85GA ","False","False","False",5202,10972.8,10774.68,1574093899.964,1574093899.997,"18.11.2019 17:30",10,752.3,762,71,"Wind blowing from the west-southwest",2,NA,"","","No Significant Clouds","10.0 and more",5,NA
1574093910,"40097e",47.6038055419922,11.9209213256836,240.672936427177,307.531256064144,-0.32512,"BAW85GA ","False","False","False",5202,10972.8,10774.68,1574093909.806,1574093909.997,"18.11.2019 17:30",10,752.3,762,71,"Wind blowing from the west-southwest",2,NA,"","","No Significant Clouds","10.0 and more",5,NA
1574093920,"40097e",47.6167478399762,11.8960806039663,240.579449208628,307.703053846025,0,"BAW85GA ","False","False","False",5202,10972.8,10774.68,1574093919.637,1574093919.968,"18.11.2019 17:30",10,752.3,762,71,"Wind blowing from the west-southwest",2,NA,"","","No Significant Clouds","10.0 and more",5,NA
1574093930,"40097e",47.6249084472656,11.8804779052734,240.172631847584,307.778109421483,-0.32512,"BAW85GA ","False","False","False",5202,10972.8,10767.06,1574093925.9,1574093929.997,"18.11.2019 17:30",10,752.3,762,71,"Wind blowing from the west-southwest",2,NA,"","","No Significant Clouds","10.0 and more",5,NA
1574093940,"40097e",47.643096406581,11.8455857496995,240.265175858446,307.605991357402,-0.32512,"BAW85GA ","False","False","False",5202,10972.8,10767.06,1574093939.639,1574093939.959,"18.11.2019 17:30",10,752.3,762,71,"Wind blowing from the west-southwest",2,NA,"","","No Significant Clouds","10.0 and more",5,NA
1574093950,"40097e",47.6562241376457,11.820303109976,240.672936427177,307.531256064144,0,"BAW85GA ","False","False","False",5202,10972.8,10767.06,1574093949.666,1574093949.993,"18.11.2019 17:30",10,752.3,762,71,"Wind blowing from the west-southwest",2,NA,"","","No Significant Clouds","10.0 and more",5,NA
1574093960,"40097e",47.6699104955641,11.7939640925481,240.672936427177,307.531256064144,-0.32512,"BAW85GA ","False","False","False",5202,10972.8,10767.06,1574093959.958,1574093959.984,"18.11.2019 17:30",10,752.3,762,71,"Wind blowing from the west-southwest",2,NA,"","","No Significant Clouds","10.0 and more",5,NA
1574093970,"40097e",47.6825261520127,11.7695969801683,240.265175858446,307.605991357402,0.32512,"BAW85GA ","False","False","False",5202,10972.8,10767.06,1574093969.587,1574093969.996,"18.11.2019 17:30",10,752.3,762,71,"Wind blowing from the west-southwest",2,NA,"","","No Significant Clouds","10.0 and more",5,NA
1574093980,"40097e",47.6959075927734,11.743766784668,239.951593835739,307.508674895623,0,"BAW85GA ","False","False","False",5202,10972.8,10767.06,1574093979.926,1574093979.99,"18.11.2019 17:30",10,752.3,762,71,"Wind blowing from the west-southwest",2,NA,"","","No Significant Clouds","10.0 and more",5,NA
1574093990,"40097e",47.7092471365201,11.7180457481971,239.230288740076,307.485957554243,0,"BAW85GA ","False","False","False",5202,10972.8,10767.06,1574093989.968,1574093989.987,"18.11.2019 17:30",10,752.3,762,71,"Wind blowing from the west-southwest",2,NA,"","","No Significant Clouds","10.0 and more",5,NA
1574094000,"40097e",47.7223283153469,11.6928335336538,238.509021480373,307.463102811728,0,"BAW85GA ","False","False","False",5202,10972.8,10767.06,1574093999.959,1574093999.995,"18.11.2019 17:30",10,752.3,762,71,"Wind blowing from the west-southwest",2,NA,"","","No Significant Clouds","10.0 and more",5,NA
1574094010,"40097e",47.7350463867188,11.6681671142578,237.475396809777,307.341559352921,0,"BAW85GA ","False","False","False",5202,10972.8,10767.06,1574094009.819,1574094009.998,"18.11.2019 17:30",10,752.3,762,71,"Wind blowing from the west-southwest",2,NA,"","","No Significant Clouds","10.0 and more",5,NA
1574094020,"40097e",47.7479553222656,11.6431045532227,237.066601850207,307.416976136322,0.32512,"BAW85GA ","False","False","False",5202,10972.8,10767.06,1574094019.832,1574094019.978,"18.11.2019 17:30",10,752.3,762,71,"Wind blowing from the west-southwest",2,NA,"","","No Significant Clouds","10.0 and more",5,NA
1574094030,"40097e",47.7605942548332,11.6185349684495,236.754372489966,307.318095383749,0,"BAW85GA ","False","False","False",5202,10972.8,10767.06,1574094029.666,1574094029.991,"18.11.2019 17:30",10,752.3,762,71,"Wind blowing from the west-southwest",2,NA,"","","No Significant Clouds","10.0 and more",5,NA
1574094040,"40097e",47.7740478515625,11.5924072265625,237.475396809777,307.341559352921,-0.32512,"BAW85GA ","False","False","False",5202,10972.8,10767.06,1574094040,1574094040,"18.11.2019 17:30",10,752.3,762,71,"Wind blowing from the west-southwest",2,NA,"","","No Significant Clouds","10.0 and more",5,NA
1574094050,"40097e",47.7866821289062,11.5677795410156,237.475396809777,307.341559352921,0,"BAW85GA ","False","False","False",5202,10972.8,10767.06,1574094049.935,1574094049.998,"18.11.2019 17:30",10,752.3,762,71,"Wind blowing from the west-southwest",2,NA,"","","No Significant Clouds","10.0 and more",5,NA
1574094060,"40097e",47.7999308957892,11.5421236478365,238.196460715354,307.364881266601,-0.32512,"BAW85GA ","False","False","False",5202,10972.8,10767.06,1574094059.966,1574094060,"18.11.2019 17:30",10,752.3,762,71,"Wind blowing from the west-southwest",2,NA,"","","No Significant Clouds","10.0 and more",5,NA
1574094070,"40097e",47.8129189701404,11.516841008113,238.917563848283,307.388062403285,-0.32512,"BAW85GA ","False","False","False",5202,10972.8,10767.06,1574094069.972,1574094069.979,"18.11.2019 17:30",10,752.3,762,71,"Wind blowing from the west-southwest",2,NA,"","","No Significant Clouds","10.0 and more",5,NA
1574094080,"40097e",47.82568359375,11.4919738769531,239.326514636656,307.313278318532,0,"BAW85GA ","False","False","False",5202,10972.8,10767.06,1574094079.832,1574094079.988,"18.11.2019 17:30",10,752.3,762,71,"Wind blowing from the west-southwest",2,NA,"","","No Significant Clouds","10.0 and more",5,NA
1574094090,"40097e",47.8384295964645,11.4671912560096,238.917563848283,307.388062403285,0,"BAW85GA ","False","False","False",5202,10972.8,10767.06,1574094089.628,1574094089.974,"18.11.2019 17:30",10,752.3,762,71,"Wind blowing from the west-southwest",2,NA,"","","No Significant Clouds","10.0 and more",5,NA
1574094100,"40097e",47.8514642230535,11.4418381911058,239.326514636656,307.313278318532,0,"BAW85GA ","False","False","False",5202,10972.8,10767.06,1574094099.623,1574094099.991,"18.11.2019 17:30",10,752.3,762,71,"Wind blowing from the west-southwest",2,NA,"","","No Significant Clouds","10.0 and more",5,NA
1574094110,"40097e",47.8644522974047,11.4164851262019,238.605538252981,307.289910929262,0,"BAW85GA ","False","False","False",5202,10972.8,10767.06,1574094109.672,1574094109.992,"18.11.2019 17:30",10,752.3,762,71,"Wind blowing from the west-southwest",2,NA,"","","No Significant Clouds","10.0 and more",5,NA
1574094120,"40097e",47.8779524463718,11.390146108774,238.196460715354,307.364881266601,0,"BAW85GA ","False","False","False",5202,10972.8,10767.06,1574094119.935,1574094119.993,"18.11.2019 17:30",10,752.3,762,71,"Wind blowing from the west-southwest",2,NA,"","","No Significant Clouds","10.0 and more",5,NA
1574094130,"40097e",47.8908939684852,11.3647930438702,238.605538252981,307.289910929262,0,"BAW85GA ","False","False","False",5202,10972.8,10759.44,1574094129.955,1574094129.981,"18.11.2019 17:30",10,752.3,762,71,"Wind blowing from the west-southwest",2,NA,"","","No Significant Clouds","10.0 and more",5,NA
1574094140,"40097e",47.9035949707031,11.3399505615234,238.704233420735,307.11686068327,-0.32512,"BAW85GA ","False","False","False",5202,10972.8,10759.44,1574094139.868,1574094139.994,"18.11.2019 17:30",10,752.3,762,71,"Wind blowing from the west-southwest",2,NA,"","","No Significant Clouds","10.0 and more",5,NA
1574094150,"40097e",47.9165496826172,11.3145446777344,238.704233420735,307.11686068327,0,"BAW85GA ","False","False","False",5202,10972.8,10759.44,1574094149.898,1574094149.994,"18.11.2019 17:30",10,752.3,762,71,"Wind blowing from the west-southwest",2,NA,"","","No Significant Clouds","10.0 and more",5,NA
1574094160,"40097e",47.929765087063,11.2886634239784,239.015022912632,307.215197345318,-0.32512,"BAW85GA ","False","False","False",5202,10972.8,10759.44,1574094159.988,1574094159.992,"18.11.2019 17:30",10,752.3,762,71,"Wind blowing from the west-southwest",2,NA,"","","No Significant Clouds","10.0 and more",5,NA
1574094170,"40097e",47.9424591064453,11.263801574707,237.884601797544,307.266401900977,0.32512,"BAW85GA ","False","False","False",5202,10972.8,10759.44,1574094169.83,1574094169.996,"18.11.2019 17:30",10,752.3,762,71,"Wind blowing from the west-southwest",2,NA,"","","No Significant Clouds","10.0 and more",5,NA
1574094180,"40097e",47.9550895044359,11.239013671875,237.163705634471,307.242749949957,0,"BAW85GA ","False","False","False",5202,10972.8,10759.44,1574094179.523,1574094179.996,"18.11.2019 17:30",10,752.3,762,71,"Wind blowing from the west-southwest",2,NA,"","","No Significant Clouds","10.0 and more",5,NA
1574094190,"40097e",47.9679844743114,11.2137310321514,237.573447490853,307.167664282554,0,"BAW85GA ","False","False","False",5202,10972.8,10759.44,1574094189.711,1574094189.978,"18.11.2019 17:30",10,752.3,762,71,"Wind blowing from the west-southwest",2,NA,"","","No Significant Clouds","10.0 and more",5,NA
1574094200,"40097e",47.9808328919491,11.1885188176082,237.163705634471,307.242749949957,-0.32512,"BAW85GA ","False","False","False",5202,10972.8,10759.44,1574094199.581,1574094199.981,"18.11.2019 17:30",10,752.3,762,71,"Wind blowing from the west-southwest",2,NA,"","","No Significant Clouds","10.0 and more",5,NA
1574094210,"40097e",47.9939575195312,11.162727355957,237.573447490853,307.167664282554,0,"BAW85GA ","False","False","False",5202,10972.8,10759.44,1574094209.884,1574094209.996,"18.11.2019 17:30",10,752.3,762,71,"Wind blowing from the west-southwest",2,NA,"","","No Significant Clouds","10.0 and more",5,NA
1574094220,"40097e",48.0071349063162,11.1368971604567,237.573447490853,307.167664282554,0,"BAW85GA ","False","False","False",5202,10972.8,10759.44,1574094219.949,1574094219.996,"18.11.2019 17:30",10,752.3,762,71,"Wind blowing from the west-southwest",2,NA,"","","No Significant Clouds","10.0 and more",5,NA
1574094230,"40097e",48.0194712493379,11.1125300480769,237.983595948045,307.092837297042,-0.32512,"BAW85GA ","False","False","False",5202,10972.8,10751.82,1574094229.578,1574094229.99,"18.11.2019 17:30",10,752.3,762,71,"Wind blowing from the west-southwest",2,NA,"","","No Significant Clouds","10.0 and more",5,NA
1574094240,"40097e",48.0323662192135,11.0871065579928,238.394148907421,307.01826791285,0,"BAW85GA ","False","False","False",5202,10972.8,10751.82,1574094239.622,1574094239.999,"18.11.2019 17:30",10,752.3,762,71,"Wind blowing from the west-southwest",2,NA,"","","No Significant Clouds","10.0 and more",5,NA
1574094250,"40097e",48.0449981689453,11.0621337890625,238.394148907421,307.01826791285,0,"BAW85GA ","False","False","False",5202,10972.8,10751.82,1574094249.497,1574094249.999,"18.11.2019 17:30",10,752.3,762,71,"Wind blowing from the west-southwest",2,NA,"","","No Significant Clouds","10.0 and more",5,NA
1574094260,"40097e",48.0583648681641,11.0356292724609,238.394148907421,307.01826791285,0,"BAW85GA ","False","False","False",5202,10972.8,10751.82,1574094259.754,1574094260,"18.11.2019 17:30",10,752.3,762,71,"Wind blowing from the west-southwest",2,NA,"","","No Significant Clouds","10.0 and more",5,NA
1574094270,"40097e",48.0709580243644,11.0106952373798,238.084772127209,306.919418618399,0,"BAW85GA ","False","False","False",5202,10972.8,10751.82,1574094269.723,1574094269.997,"18.11.2019 17:30",10,752.3,762,71,"Wind blowing from the west-southwest",2,NA,"","","No Significant Clouds","10.0 and more",5,NA
1574094280,"40097e",48.0840454101562,10.984748840332,237.673684756924,306.993914290942,0.32512,"BAW85GA ","False","False","False",5202,10972.8,10751.82,1574094279.756,1574094279.998,"18.11.2019 17:30",10,752.3,762,71,"Wind blowing from the west-southwest",2,NA,"","","No Significant Clouds","10.0 and more",5,NA
1574094290,"40097e",48.096608307402,10.9597778320312,237.364483899262,306.894733266097,0,"BAW85GA ","False","False","False",5202,10972.8,10751.82,1574094289.613,1574094289.997,"18.11.2019 17:30",10,752.3,762,71,"Wind blowing from the west-southwest",2,NA,"","","No Significant Clouds","10.0 and more",5,NA
1574094300,"40097e",48.1093636205641,10.9344247671274,236.953263807633,306.969412577496,0,"BAW85GA ","False","False","False",5202,10972.8,10751.82,1574094299.531,1574094299.997,"18.11.2019 17:30",10,752.3,762,71,"Wind blowing from the west-southwest",2,NA,"","","No Significant Clouds","10.0 and more",5,NA
1574094310,"40097e",48.122165485964,10.9090012770433,236.953263807633,306.969412577496,0,"BAW85GA ","False","False","False",5202,10972.8,10751.82,1574094309.717,1574094309.994,"18.11.2019 17:30",10,752.3,762,71,"Wind blowing from the west-southwest",2,NA,"","","No Significant Clouds","10.0 and more",5,NA
1574094320,"40097e",48.1352233886719,10.8831253051758,236.953263807633,306.969412577496,-0.32512,"BAW85GA ","False","False","False",5202,10972.8,10751.82,1574094319.768,1574094319.999,"18.11.2019 17:30",10,752.3,762,71,"Wind blowing from the west-southwest",2,NA,"","","No Significant Clouds","10.0 and more",5,NA
1574094330,"40097e",48.1477692167638,10.8582951472356,236.542447663574,307.044351415823,-0.32512,"BAW85GA ","False","False","False",5202,10972.8,10751.82,1574094329.714,1574094329.898,"18.11.2019 17:30",10,752.3,762,71,"Wind blowing from the west-southwest",2,NA,"","","No Significant Clouds","10.0 and more",5,NA
1574094340,"40097e",48.1605245299258,10.832953202097,236.232886454792,306.944761426646,0,"BAW85GA ","False","False","False",5202,10972.8,10751.82,1574094339.785,1574094339.989,"18.11.2019 17:30",10,752.3,762,71,"Wind blowing from the west-southwest",2,NA,"","","No Significant Clouds","10.0 and more",5,NA
1574094350,"40097e",48.1734466552734,10.8071664663462,235.512553098454,306.919959476279,0,"BAW85GA ","False","False","False",5202,10972.8,10751.82,1574094349.78,1574094349.999,"18.11.2019 17:30",10,752.3,762,71,"Wind blowing from the west-southwest",2,NA,"","","No Significant Clouds","10.0 and more",5,NA
1574094360,"40097e",48.1861724853516,10.7818838266226,235.615913619418,306.744797889369,0,"BAW85GA ","False","False","False",5202,10972.8,10751.82,1574094359.81,1574094359.95,"18.11.2019 17:30",10,752.3,762,71,"Wind blowing from the west-southwest",2,NA,"","","No Significant Clouds","10.0 and more",5,NA
1574094370,"40097e",48.198557708223,10.7569885253906,235.615913619418,306.744797889369,-0.32512,"BAW85GA ","False","False","False",5202,10972.8,10751.82,1574094369.709,1574094369.995,"18.11.2019 17:30",10,752.3,762,71,"Wind blowing from the west-southwest",2,NA,"","","No Significant Clouds","10.0 and more",5,NA
1574094380,"40097e",48.2114410400391,10.7311072716346,235.615913619418,306.744797889369,0,"BAW85GA ","False","False","False",5202,10972.8,10751.82,1574094379.908,1574094379.984,"18.11.2019 17:30",10,752.3,762,71,"Wind blowing from the west-southwest",2,NA,"","","No Significant Clouds","10.0 and more",5,NA
1574094390,"40097e",48.2238355733581,10.7063213147615,235.203886816431,306.819770117502,0.32512,"BAW85GA ","False","False","False",5202,10972.8,10751.82,1574094389.606,1574094389.998,"18.11.2019 17:30",10,752.3,762,71,"Wind blowing from the west-southwest",2,NA,"","","No Significant Clouds","10.0 and more",5,NA
1574094400,"40097e",48.2367095947266,10.6805419921875,235.203886816431,306.819770117502,0,"BAW85GA ","False","False","False",5202,10972.8,10751.82,1574094399.803,1574094399.977,"18.11.2019 17:30",10,752.3,762,71,"Wind blowing from the west-southwest",2,NA,"","","No Significant Clouds","10.0 and more",5,NA
1574094410,"40097e",48.2493896484375,10.6551889272837,235.203886816431,306.819770117502,0,"BAW85GA ","False","False","False",5202,10972.8,10751.82,1574094409.746,1574094409.991,"18.11.2019 17:30",10,752.3,762,71,"Wind blowing from the west-southwest",2,NA,"","","No Significant Clouds","10.0 and more",5,NA
1574094420,"40097e",48.2622411695577,10.6294170178865,234.895941611214,306.719317757278,0,"BAW85GA ","False","False","False",5202,10972.8,10751.82,1574094419.992,1574094419.997,"18.11.2019 17:30",10,752.3,762,71,"Wind blowing from the west-southwest",2,NA,"","","No Significant Clouds","10.0 and more",5,NA
1574094430,"40097e",48.2745666503906,10.6046236478365,234.176016343778,306.693680953399,0,"BAW85GA ","False","False","False",5202,10972.8,10751.82,1574094429.897,1574094430,"18.11.2019 17:30",10,752.3,762,71,"Wind blowing from the west-southwest",2,NA,"","","No Significant Clouds","10.0 and more",5,NA
1574094440,"40097e",48.2866516113281,10.5803973858173,234.176016343778,306.693680953399,0,"BAW85GA ","False","False","False",5202,10972.8,10751.82,1574094439.453,1574094439.962,"18.11.2019 17:30",10,752.3,762,71,"Wind blowing from the west-southwest",2,NA,"","","No Significant Clouds","10.0 and more",5,NA
1574094450,"40097e",48.2996978759766,10.5541287935697,234.176016343778,306.693680953399,0,"BAW85GA ","False","False","False",5202,10972.8,10751.82,1574094449.825,1574094449.997,"18.11.2019 17:30",10,752.3,762,71,"Wind blowing from the west-southwest",2,NA,"","","No Significant Clouds","10.0 and more",5,NA
1574094460,"40097e",48.3119589595471,10.5293836091694,233.456138249523,306.667886038625,0,"BAW85GA ","False","False","False",5202,10972.8,10751.82,1574094459.627,1574094459.99,"18.11.2019 17:30",10,752.3,762,71,"Wind blowing from the west-southwest",2,NA,"","","No Significant Clouds","10.0 and more",5,NA
1574094470,"40097e",48.3247375488281,10.5036339393029,233.456138249523,306.667886038625,0,"BAW85GA ","False","False","False",5202,10972.8,10751.82,1574094469.873,1574094469.958,"18.11.2019 17:30",10,752.3,762,71,"Wind blowing from the west-southwest",2,NA,"","","No Significant Clouds","10.0 and more",5,NA
1574094480,"40097e",48.3372802734375,10.4784217247596,234.176016343778,306.693680953399,0,"BAW85GA ","False","False","False",5202,10972.8,10751.82,1574094479.911,1574094479.989,"18.11.2019 17:30",10,752.3,762,71,"Wind blowing from the west-southwest",2,NA,"","","No Significant Clouds","10.0 and more",5,NA
1574094490,"40097e",48.3495731677039,10.453563489412,235.00182569439,306.543786835671,-0.32512,"BAW85GA ","False","False","False",5202,10972.8,10744.2,1574094489.63,1574094489.993,"18.11.2019 17:30",10,752.3,762,71,"Wind blowing from the west-southwest",2,NA,"","","No Significant Clouds","10.0 and more",5,NA
1574094500,"40097e",48.3621888241525,10.4280491879112,235.721474297508,306.569791549591,-0.32512,"BAW85GA ","False","False","False",5202,10972.8,10744.2,1574094499.695,1574094499.999,"18.11.2019 17:30",10,752.3,762,71,"Wind blowing from the west-southwest",2,NA,"","","No Significant Clouds","10.0 and more",5,NA
1574094510,"40097e",48.3752700029793,10.4015229877673,235.721474297508,306.569791549591,0,"BAW85GA ","False","False","False",5202,10972.8,10744.2,1574094509.992,1574094509.994,"18.11.2019 17:30",10,752.3,762,71,"Wind blowing from the west-southwest",2,NA,"","","No Significant Clouds","10.0 and more",5,NA
1574094520,"40097e",48.387885659428,10.3760086862664,235.00182569439,306.543786835671,0.32512,"BAW85GA ","False","False","False",5202,10972.8,10744.2,1574094519.969,1574094520,"18.11.2019 17:30",10,752.3,762,71,"Wind blowing from the west-southwest",2,NA,"","","No Significant Clouds","10.0 and more",5,NA
1574094530,"40097e",48.4001312255859,10.3511634239784,234.282225798115,306.517622368924,0.32512,"BAW85GA ","False","False","False",5202,10972.8,10744.2,1574094529.752,1574094529.969,"18.11.2019 17:30",10,752.3,762,71,"Wind blowing from the west-southwest",2,NA,"","","No Significant Clouds","10.0 and more",5,NA
1574094540,"40097e",48.4123721365201,10.3263533742804,232.843173932399,306.464808296626,0.32512,"BAW85GA ","False","False","False",5202,10972.8,10744.2,1574094539.524,1574094539.996,"18.11.2019 17:30",10,752.3,762,71,"Wind blowing from the west-southwest",2,NA,"","","No Significant Clouds","10.0 and more",5,NA
1574094550,"40097e",48.4247550317797,10.3011281866776,232.123722880031,306.438155706034,0,"BAW85GA ","False","False","False",5202,10972.8,10744.2,1574094549.639,1574094549.991,"18.11.2019 17:30",10,752.3,762,71,"Wind blowing from the west-southwest",2,NA,"","","No Significant Clouds","10.0 and more",5,NA
1574094560,"40097e",48.4368896484375,10.2764423076923,232.429647819575,306.540177897537,-0.32512,"BAW85GA ","False","False","False",5202,10972.8,10744.2,1574094559.472,1574094559.992,"18.11.2019 17:30",10,752.3,762,71,"Wind blowing from the west-southwest",2,NA,"","","No Significant Clouds","10.0 and more",5,NA
1574094570,"40097e",48.4500794491525,10.2496659128289,233.257101528664,306.389706061172,0,"BAW85GA ","False","False","False",5202,10972.8,10744.2,1574094569.975,1574094569.98,"18.11.2019 17:30",10,752.3,762,71,"Wind blowing from the west-southwest",2,NA,"","","No Significant Clouds","10.0 and more",5,NA
1574094580,"40097e",48.4617919921875,10.2258066030649,233.97646089416,306.416378519886,0,"BAW85GA ","False","False","False",5202,10972.8,10744.2,1574094579.449,1574094579.998,"18.11.2019 17:30",10,752.3,762,71,"Wind blowing from the west-southwest",2,NA,"","","No Significant Clouds","10.0 and more",5,NA
1574094590,"40097e",48.4747924804688,10.1993267352764,234.695870654078,306.442887466934,0,"BAW85GA ","False","False","False",5202,10972.8,10744.2,1574094589.794,1574094589.98,"18.11.2019 17:30",10,752.3,762,71,"Wind blowing from the west-southwest",2,NA,"","","No Significant Clouds","10.0 and more",5,NA
1574094600,"40097e",48.4873352050781,10.1737623948317,235.829232178254,306.394943511715,0,"BAW85GA ","False","False","False",5202,10972.8,10744.2,1574094599.841,1574094599.995,"18.11.2019 17:30",10,752.3,762,71,"Wind blowing from the west-southwest",2,NA,"","","No Significant Clouds","10.0 and more",5,NA
1574094610,"40097e",48.5001696570445,10.1475364283512,236.548601191373,306.421310017178,0,"BAW85GA ","False","False","False",5202,10972.8,10744.2,1574094609.951,1574094609.992,"18.11.2019 17:30",10,752.3,762,71,"Wind blowing from the west-southwest",2,NA,"","","No Significant Clouds","10.0 and more",5,NA
1574094620,"40097e",48.5120086669922,10.1233379657452,237.377305628051,306.273864223701,0,"BAW85GA ","False","False","False",5202,10972.8,10744.2,1574094619.501,1574094619.999,"18.11.2019 17:30",10,752.3,762,71,"Wind blowing from the west-southwest",2,NA,"","","No Significant Clouds","10.0 and more",5,NA
1574094630,"40097e",48.5254009699417,10.0958573190789,237.377305628051,306.273864223701,0,"BAW85GA ","False","False","False",5202,10972.8,10744.2,1574094629.966,1574094630,"18.11.2019 17:30",10,752.3,762,71,"Wind blowing from the west-southwest",2,NA,"","","No Significant Clouds","10.0 and more",5,NA
1574094640,"40097e",48.5375045517744,10.0710658023232,236.962757250554,306.347458208885,0.32512,"BAW85GA ","False","False","False",5202,10972.8,10744.2,1574094639.673,1574094640,"18.11.2019 17:30",10,752.3,762,71,"Wind blowing from the west-southwest",2,NA,"","","No Significant Clouds","10.0 and more",5,NA
1574094650,"40097e",48.550120208223,10.0453346653988,236.243529102315,306.320913074998,0.32512,"BAW85GA ","False","False","False",5202,10972.8,10744.2,1574094649.583,1574094649.998,"18.11.2019 17:30",10,752.3,762,71,"Wind blowing from the west-southwest",2,NA,"","","No Significant Clouds","10.0 and more",5,NA
1574094660,"40097e",48.562642760196,10.0196035284745,235.939184251144,306.220256813196,0.32512,"BAW85GA ","False","False","False",5202,10980.42,10744.2,1574094659.639,1574094659.987,"18.11.2019 17:30",10,752.3,762,71,"Wind blowing from the west-southwest",2,NA,"","","No Significant Clouds","10.0 and more",5,NA
1574094670,"40097e",48.5754089355469,9.99319223257211,237.073299939816,306.173629045772,-0.32512,"BAW85GA ","False","False","False",5202,10972.8,10744.2,1574094669.817,1574094669.995,"18.11.2019 17:30",10,752.3,762,71,"Wind blowing from the west-southwest",2,NA,"","","No Significant Clouds","10.0 and more",5,NA
1574094680,"40097e",48.5877344163798,9.96785214072779,236.658219043637,306.247141958638,0,"BAW85GA ","False","False","False",5202,10972.8,10744.2,1574094679.537,1574094679.98,"18.11.2019 17:30",10,752.3,762,71,"Wind blowing from the west-southwest",2,NA,"","","No Significant Clouds","10.0 and more",5,NA
1574094690,"40097e",48.6004943847656,9.94157057542067,235.939184251144,306.220256813196,0.32512,"BAW85GA ","False","False","False",5202,10972.8,10736.58,1574094689.779,1574094689.999,"18.11.2019 17:30",10,752.3,762,71,"Wind blowing from the west-southwest",2,NA,"","","No Significant Clouds","10.0 and more",5,NA
1574094700,"40097e",48.6132915949417,9.91530568976151,235.524351972708,306.294205823424,0,"BAW85GA ","False","False","False",5202,10972.8,10744.2,1574094699.996,1574094699.996,"18.11.2019 17:30",10,752.3,762,71,"Wind blowing from the west-southwest",2,NA,"","","No Significant Clouds","10.0 and more",5,NA
1574094710,"40097e",48.6257675946769,9.88957455283717,235.220201725535,306.193207305565,0,"BAW85GA ","False","False","False",5202,10972.8,10736.58,1574094709.997,1574094709.999,"18.11.2019 17:30",10,752.3,762,71,"Wind blowing from the west-southwest",2,NA,"","","No Significant Clouds","10.0 and more",5,NA
1574094720,"40097e",48.6377780720339,9.86485531455592,235.635569455744,306.11934084948,-0.32512,"BAW85GA ","False","False","False",5202,10972.8,10736.58,1574094719.724,1574094719.999,"18.11.2019 17:30",10,752.3,762,71,"Wind blowing from the west-southwest",2,NA,"","","No Significant Clouds","10.0 and more",5,NA
1574094730,"40097e",48.6504821777344,9.83853853665865,236.770021680814,306.073136777539,-0.32512,"BAW85GA ","False","False","False",5202,10972.8,10736.58,1574094729.939,1574094729.999,"18.11.2019 17:30",10,752.3,762,71,"Wind blowing from the west-southwest",2,NA,"","","No Significant Clouds","10.0 and more",5,NA
1574094740,"40097e",48.663055937169,9.81252569901316,237.48876974093,306.100373223945,-0.32512,"BAW85GA ","False","False","False",5202,10972.8,10736.58,1574094739.944,1574094739.996,"18.11.2019 17:30",10,752.3,762,71,"Wind blowing from the west-southwest",2,NA,"","","No Significant Clouds","10.0 and more",5,NA
1574094750,"40097e",48.675811250331,9.78599949886924,237.602409266834,305.927046589418,0,"BAW85GA ","False","False","False",5202,10972.8,10736.58,1574094749.972,1574094749.998,"18.11.2019 17:30",10,752.3,762,71,"Wind blowing from the west-southwest",2,NA,"","","No Significant Clouds","10.0 and more",5,NA
1574094760,"40097e",48.6878682799258,9.76091886821546,237.90462640946,306.027373385104,0,"BAW85GA ","False","False","False",5202,10972.8,10736.58,1574094759.583,1574094759.99,"18.11.2019 17:30",10,752.3,762,71,"Wind blowing from the west-southwest",2,NA,"","","No Significant Clouds","10.0 and more",5,NA
1574094770,"40097e",48.7003908318988,9.73482633891859,237.90462640946,306.027373385104,0.32512,"BAW85GA ","False","False","False",5202,10972.8,10736.58,1574094769.639,1574094769.999,"18.11.2019 17:30",10,752.3,762,71,"Wind blowing from the west-southwest",2,NA,"","","No Significant Clouds","10.0 and more",5,NA
1574094780,"40097e",48.7126922607422,9.70930833082933,237.48876974093,306.100373223945,0,"BAW85GA ","False","False","False",5202,10972.8,10736.58,1574094779.51,1574094779.995,"18.11.2019 17:30",10,752.3,762,71,"Wind blowing from the west-southwest",2,NA,"","","No Significant Clouds","10.0 and more",5,NA
1574094790,"40097e",48.7254824880826,9.68278583727385,236.770021680814,306.073136777539,0,"BAW85GA ","False","False","False",5202,10972.8,10736.58,1574094789.649,1574094790,"18.11.2019 17:30",10,752.3,762,71,"Wind blowing from the west-southwest",2,NA,"","","No Significant Clouds","10.0 and more",5,NA
1574094800,"40097e",48.7384705624338,9.65575368780839,236.770021680814,306.073136777539,-0.32512,"BAW85GA ","False","False","False",5202,10972.8,10736.58,1574094799.953,1574094799.999,"18.11.2019 17:30",10,752.3,762,71,"Wind blowing from the west-southwest",2,NA,"","","No Significant Clouds","10.0 and more",5,NA
1574094810,"40097e",48.7502288818359,9.63141808143029,236.051327450033,306.045734473888,0,"BAW85GA ","False","False","False",5202,10972.8,10736.58,1574094809.507,1574094809.998,"18.11.2019 17:30",10,752.3,762,71,"Wind blowing from the west-southwest",2,NA,"","","No Significant Clouds","10.0 and more",5,NA
1574094820,"40097e",48.76318359375,9.60444523737981,236.051327450033,306.045734473888,0,"BAW85GA ","False","False","False",5202,10972.8,10736.58,1574094819.927,1574094819.997,"18.11.2019 17:30",10,752.3,762,71,"Wind blowing from the west-southwest",2,NA,"","","No Significant Clouds","10.0 and more",5,NA
1574094830,"40097e",48.7751770019531,9.57951472355769,236.051327450033,306.045734473888,-0.32512,"BAW85GA ","False","False","False",5202,10972.8,10736.58,1574094829.513,1574094830,"18.11.2019 17:30",10,752.3,762,71,"Wind blowing from the west-southwest",2,NA,"","","No Significant Clouds","10.0 and more",5,NA
1574094840,"40097e",48.7880859375,9.55254187950721,235.748979687757,305.944642491915,0,"BAW85GA ","False","False","False",5202,10972.8,10736.58,1574094839.924,1574094839.998,"18.11.2019 17:30",10,752.3,762,71,"Wind blowing from the west-southwest",2,NA,"","","No Significant Clouds","10.0 and more",5,NA
1574094850,"40097e",48.8004913330078,9.52662541316106,235.447367710859,305.843291192748,0,"BAW85GA ","False","False","False",5202,10972.8,10736.58,1574094849.789,1574094849.998,"18.11.2019 17:30",10,752.3,762,71,"Wind blowing from the west-southwest",2,NA,"","","No Significant Clouds","10.0 and more",5,NA
1574094860,"40097e",48.8130937996557,9.50021041067023,234.729133699238,305.815030991378,0,"BAW85GA ","False","False","False",5202,10972.8,10736.58,1574094859.981,1574094860,"18.11.2019 17:30",10,752.3,762,71,"Wind blowing from the west-southwest",2,NA,"","","No Significant Clouds","10.0 and more",5,NA
1574094870,"40097e",48.8249180680614,9.47541889391447,234.010957142895,305.786597322681,0.32512,"BAW85GA ","False","False","False",5202,10980.42,10744.2,1574094869.647,1574094869.997,"18.11.2019 17:30",10,752.3,762,71,"Wind blowing from the west-southwest",2,NA,"","","No Significant Clouds","10.0 and more",5,NA
1574094880,"40097e",48.8372078588453,9.44954320004112,234.729133699238,305.815030991378,-0.32512,"BAW85GA ","False","False","False",5202,10972.8,10728.96,1574094879.712,1574094880,"18.11.2019 17:30",10,752.3,762,71,"Wind blowing from the west-southwest",2,NA,"","","No Significant Clouds","10.0 and more",5,NA
1574094890,"40097e",48.8497924804688,9.42302997295673,235.146494350616,305.741680214032,-0.32512,"BAW85GA ","False","False","False",5202,10972.8,10728.96,1574094889.928,1574094889.998,"18.11.2019 17:30",10,752.3,762,71,"Wind blowing from the west-southwest",2,NA,"","","No Significant Clouds","10.0 and more",5,NA
1574094900,"40097e",48.8619270971266,9.39757497687089,235.864579505742,305.770113756272,-0.32512,"BAW85GA ","False","False","False",5202,10972.8,10736.58,1574094899.735,1574094899.999,"18.11.2019 17:30",10,752.3,762,71,"Wind blowing from the west-southwest",2,NA,"","","No Significant Clouds","10.0 and more",5,NA
1574094910,"40097e",48.87451171875,9.37105618990384,235.146494350616,305.741680214032,0,"BAW85GA ","False","False","False",5202,10972.8,10736.58,1574094909.856,1574094909.981,"18.11.2019 17:30",10,752.3,762,71,"Wind blowing from the west-southwest",2,NA,"","","No Significant Clouds","10.0 and more",5,NA
1574094920,"40097e",48.8863220214844,9.34619610126202,234.428467460471,305.713072487503,0.32512,"BAW85GA ","False","False","False",5202,10972.8,10728.96,1574094919.518,1574094920,"18.11.2019 17:30",10,752.3,762,71,"Wind blowing from the west-southwest",2,NA,"","","No Significant Clouds","10.0 and more",5,NA
1574094930,"40097e",48.8990936279297,9.31922325721154,233.710499372327,305.68428898558,0,"BAW85GA ","False","False","False",5202,10972.8,10728.96,1574094929.79,1574094929.975,"18.11.2019 17:30",10,752.3,762,71,"Wind blowing from the west-southwest",2,NA,"","","No Significant Clouds","10.0 and more",5,NA
1574094940,"40097e",48.9109931557865,9.29399992290296,232.274741783102,305.626188194553,0,"BAW85GA ","False","False","False",5202,10972.8,10728.96,1574094939.675,1574094939.977,"18.11.2019 17:30",10,752.3,762,71,"Wind blowing from the west-southwest",2,NA,"","","No Significant Clouds","10.0 and more",5,NA
1574094950,"40097e",48.9231898420948,9.26834106445312,231.85677754435,305.700239536488,0,"BAW85GA ","False","False","False",5202,10980.42,10736.58,1574094949.608,1574094949.997,"18.11.2019 17:30",10,752.3,762,71,"Wind blowing from the west-southwest",2,NA,"","","No Significant Clouds","10.0 and more",5,NA
1574094960,"40097e",48.9355773925781,9.24217810997596,232.574778525018,305.72920321223,-0.65024,"BAW85GA ","False","False","False",5202,10972.8,10728.96,1574094959.828,1574094959.999,"18.11.2019 17:30",10,752.3,762,71,"Wind blowing from the west-southwest",2,NA,"","","No Significant Clouds","10.0 and more",5,NA
1574094970,"40097e",48.9477996826172,9.21640249399038,232.574778525018,305.72920321223,-0.32512,"BAW85GA ","False","False","False",5202,10972.8,10728.96,1574094969.835,1574094969.997,"18.11.2019 17:30",10,752.3,762,71,"Wind blowing from the west-southwest",2,NA,"","","No Significant Clouds","10.0 and more",5,NA
1574094980,"40097e",48.9599304199219,9.19062687800481,232.516168008077,305.272421448598,0.32512,"BAW85GA ","False","False","False",5202,10972.8,10728.96,1574094979.946,1574094979.999,"18.11.2019 17:30",10,752.3,762,71,"Wind blowing from the west-southwest",2,NA,"","","No Significant Clouds","10.0 and more",5,NA
1574094990,"40097e",48.9718780517578,9.16456956129808,233.741072040914,304.599447975179,0,"BAW85GA ","False","False","False",5202,10972.8,10728.96,1574094989.789,1574094989.993,"18.11.2019 17:30",10,752.3,762,71,"Wind blowing from the west-southwest",2,NA,"","","No Significant Clouds","10.0 and more",5,NA
1574095000,"40097e",48.9835215423067,9.13874575966283,234.298040108181,304.353021988905,-0.32512,"BAW85GA ","False","False","False",5202,10972.8,10728.96,1574094999.568,1574094999.996,"18.11.2019 17:30",10,752.3,762,71,"Wind blowing from the west-southwest",2,NA,"","","No Significant Clouds","10.0 and more",5,NA
1574095010,"40097e",48.995438915188,9.11229183799342,235.30400876641,304.489168485698,0,"BAW85GA ","False","False","False",5202,10972.8,10721.34,1574095009.607,1574095009.982,"18.11.2019 17:30",10,752.3,762,71,"Wind blowing from the west-southwest",2,NA,"","","No Significant Clouds","10.0 and more",5,NA
1574095020,"40097e",49.0074028403072,9.08576563784951,236.443409786185,304.45073927624,0,"BAW85GA ","False","False","False",5202,10972.8,10728.96,1574095019.552,1574095019.949,"18.11.2019 17:30",10,752.3,762,71,"Wind blowing from the west-southwest",2,NA,"","","No Significant Clouds","10.0 and more",5,NA
1574095030,"40097e",49.0196685791016,9.05857966496394,237.158684,304.48291879788,0,"BAW85GA ","False","False","False",5202,10972.8,10728.96,1574095029.871,1574095029.988,"18.11.2019 17:30",10,752.3,762,71,"Wind blowing from the west-southwest",2,NA,"","","No Significant Clouds","10.0 and more",5,NA
1574095040,"40097e",49.0317993164062,9.03188852163461,238.165904366513,304.616880657095,0,"BAW85GA ","False","False","False",3101,10972.8,10721.34,1574095039.886,1574095039.996,"18.11.2019 17:30",10,752.3,762,71,"Wind blowing from the west-southwest",2,NA,"","","No Significant Clouds","10.0 and more",5,NA
1574095050,"40097e",49.0434265136719,9.00618333082933,238.165904366513,304.616880657095,0,"BAW85GA ","False","False","False",5202,10972.8,10728.96,1574095049.499,1574095050,"18.11.2019 17:30",10,752.3,762,71,"Wind blowing from the west-southwest",2,NA,"","","No Significant Clouds","10.0 and more",5,NA
1574095060,"40097e",49.0558171676377,8.97893805252878,237.742712510702,304.687312313339,0,"BAW85GA ","False","False","False",5202,10972.8,10728.96,1574095059.741,1574095060,"18.11.2019 17:30",10,752.3,762,71,"Wind blowing from the west-southwest",2,NA,"","","No Significant Clouds","10.0 and more",5,NA
1574095070,"40097e",49.0677337646484,8.95287146935096,236.6039757398,304.726669358371,0.32512,"BAW85GA ","False","False","False",5202,10972.8,10728.96,1574095069.526,1574095069.945,"18.11.2019 17:30",10,752.3,762,71,"Wind blowing from the west-southwest",2,NA,"","","No Significant Clouds","10.0 and more",5,NA
1574095080,"40097e",49.0802764892578,8.92519437349759,236.019372067341,304.521386880473,0,"BAW85GA ","False","False","False",5202,10972.8,10728.96,1574095079.831,1574095079.998,"18.11.2019 17:30",10,752.3,762,71,"Wind blowing from the west-southwest",2,NA,"","","No Significant Clouds","10.0 and more",5,NA
1574095090,"40097e",49.0922241210938,8.89871450570913,234.588720322482,304.456753605314,0,"BAW85GA ","False","False","False",5202,10972.8,10728.96,1574095089.751,1574095089.996,"18.11.2019 17:30",10,752.3,762,71,"Wind blowing from the west-southwest",2,NA,"","","No Significant Clouds","10.0 and more",5,NA
1574095100,"40097e",49.1038590770657,8.87297780890214,233.02552894665,304.567154236744,0.32512,"BAW85GA ","False","False","False",5202,10972.8,10728.96,1574095099.742,1574095099.987,"18.11.2019 17:30",10,752.3,762,71,"Wind blowing from the west-southwest",2,NA,"","","No Significant Clouds","10.0 and more",5,NA
1574095110,"40097e",49.1158905029297,8.84624774639423,232.018806651367,304.430008779173,-0.32512,"BAW85GA ","False","False","False",5202,10980.42,10728.96,1574095109.765,1574095109.972,"18.11.2019 17:30",10,752.3,762,71,"Wind blowing from the west-southwest",2,NA,"","","No Significant Clouds","10.0 and more",5,NA
1574095120,"40097e",49.1279265840175,8.81949173776727,232.018806651367,304.430008779173,0,"BAW85GA ","False","False","False",5202,10972.8,10728.96,1574095119.998,1574095119.998,"18.11.2019 17:30",10,752.3,762,71,"Wind blowing from the west-southwest",2,NA,"","","No Significant Clouds","10.0 and more",5,NA
1574095130,"40097e",49.1394195556641,8.79385141225961,232.153364525265,304.253498946981,-0.32512,"BAW85GA ","False","False","False",5202,10972.8,10728.96,1574095129.858,1574095129.986,"18.11.2019 17:30",10,752.3,762,71,"Wind blowing from the west-southwest",2,NA,"","","No Significant Clouds","10.0 and more",5,NA
1574095140,"40097e",49.1510925292969,8.76758282001202,231.864196842524,304.14842398398,0,"BAW85GA ","False","False","False",5202,10972.8,10721.34,1574095139.819,1574095139.994,"18.11.2019 17:30",10,752.3,762,71,"Wind blowing from the west-southwest",2,NA,"","","No Significant Clouds","10.0 and more",5,NA
1574095150,"40097e",49.1626080011917,8.7417923776727,232.868178080638,304.286876977209,-0.32512,"BAW85GA ","False","False","False",5202,10972.8,10721.34,1574095149.717,1574095149.975,"18.11.2019 17:30",10,752.3,762,71,"Wind blowing from the west-southwest",2,NA,"","","No Significant Clouds","10.0 and more",5,NA
1574095160,"40097e",49.1743857173596,8.7154107344778,233.158370761343,304.391327238472,-0.32512,"BAW85GA ","False","False","False",5202,10972.8,10721.34,1574095159.756,1574095159.988,"18.11.2019 17:30",10,752.3,762,71,"Wind blowing from the west-southwest",2,NA,"","","No Significant Clouds","10.0 and more",5,NA
1574095170,"40097e",49.1862099857654,8.6891013697574,233.158370761343,304.391327238472,0,"BAW85GA ","False","False","False",5202,10972.8,10721.34,1574095169.709,1574095169.994,"18.11.2019 17:30",10,752.3,762,71,"Wind blowing from the west-southwest",2,NA,"","","No Significant Clouds","10.0 and more",5,NA
1574095180,"40097e",49.1982421875,8.66222675030048,233.293405782972,304.215702132437,0.32512,"BAW85GA ","False","False","False",5202,10972.8,10721.34,1574095179.824,1574095179.999,"18.11.2019 17:30",10,752.3,762,71,"Wind blowing from the west-southwest",2,NA,"","","No Significant Clouds","10.0 and more",5,NA
1574095190,"40097e",49.2100067138672,8.63581730769231,233.293405782972,304.215702132437,0,"BAW85GA ","False","False","False",5202,10972.8,10721.34,1574095189.742,1574095189.998,"18.11.2019 17:30",10,752.3,762,71,"Wind blowing from the west-southwest",2,NA,"","","No Significant Clouds","10.0 and more",5,NA
1574095200,"40097e",49.2218170166016,8.60933743990384,233.293405782972,304.215702132437,0,"BAW85GA ","False","False","False",5202,10972.8,10721.34,1574095199.754,1574095200,"18.11.2019 17:30",10,752.3,762,71,"Wind blowing from the west-southwest",2,NA,"","","No Significant Clouds","10.0 and more",5,NA
1574095210,"40097e",49.2335815429688,8.58299842247596,232.868178080638,304.286876977209,0,"BAW85GA ","False","False","False",5202,10972.8,10721.34,1574095209.78,1574095209.992,"18.11.2019 17:30",10,752.3,762,71,"Wind blowing from the west-southwest",2,NA,"","","No Significant Clouds","10.0 and more",5,NA
1574095220,"40097e",49.2453460693359,8.55658897986779,232.578761228031,304.182166415159,0,"BAW85GA ","False","False","False",5202,10972.8,10721.34,1574095219.906,1574095219.995,"18.11.2019 17:30",10,752.3,762,71,"Wind blowing from the west-southwest",2,NA,"","","No Significant Clouds","10.0 and more",5,NA
1574095230,"40097e",49.2567831782971,8.53081151058799,231.864196842524,304.14842398398,0,"BAW85GA ","False","False","False",5202,10972.8,10721.34,1574095229.538,1574095229.998,"18.11.2019 17:30",10,752.3,762,71,"Wind blowing from the west-southwest",2,NA,"","","No Significant Clouds","10.0 and more",5,NA
1574095240,"40097e",49.2684677899894,8.5045021458676,231.438630242927,304.219914747643,0,"BAW85GA ","False","False","False",5202,10972.8,10721.34,1574095239.578,1574095239.982,"18.11.2019 17:30",10,752.3,762,71,"Wind blowing from the west-southwest",2,NA,"","","No Significant Clouds","10.0 and more",5,NA
1574095250,"40097e",49.2804107666016,8.47771277794471,231.438630242927,304.219914747643,0,"BAW85GA ","False","False","False",5202,10972.8,10721.34,1574095249.928,1574095249.976,"18.11.2019 17:30",10,752.3,762,71,"Wind blowing from the west-southwest",2,NA,"","","No Significant Clouds","10.0 and more",5,NA
1574095260,"40097e",49.2918370133739,8.45202797337582,231.438630242927,304.219914747643,0,"BAW85GA ","False","False","False",5202,10972.8,10721.34,1574095259.736,1574095259.987,"18.11.2019 17:30",10,752.3,762,71,"Wind blowing from the west-southwest",2,NA,"","","No Significant Clouds","10.0 and more",5,NA
1574095270,"40097e",49.3039871474444,8.42463443153783,231.864196842524,304.14842398398,-0.32512,"BAW85GA ","False","False","False",5202,10972.8,10721.34,1574095269.96,1574095269.999,"18.11.2019 17:30",10,752.3,762,71,"Wind blowing from the west-southwest",2,NA,"","","No Significant Clouds","10.0 and more",5,NA
1574095280,"40097e",49.3151131322828,8.39933696546053,232.002266613237,303.971963305573,-0.32512,"BAW85GA ","False","False","False",5202,10972.8,10721.34,1574095279.692,1574095279.996,"18.11.2019 17:30",10,752.3,762,71,"Wind blowing from the west-southwest",2,NA,"","","No Significant Clouds","10.0 and more",5,NA
1574095290,"40097e",49.3267511917373,8.37288304379112,231.575810912356,304.04308696212,0,"BAW85GA ","False","False","False",5202,10972.8,10721.34,1574095289.658,1574095289.995,"18.11.2019 17:30",10,752.3,762,71,"Wind blowing from the west-southwest",2,NA,"","","No Significant Clouds","10.0 and more",5,NA
1574095300,"40097e",49.3384358034296,8.34657367907072,231.864196842524,304.14842398398,0,"BAW85GA ","False","False","False",5202,10972.8,10721.34,1574095299.659,1574095299.998,"18.11.2019 17:30",10,752.3,762,71,"Wind blowing from the west-southwest",2,NA,"","","No Significant Clouds","10.0 and more",5,NA
1574095310,"40097e",49.3501204151218,8.32019203587582,232.290123103401,304.077195280131,0,"BAW85GA ","False","False","False",5202,10972.8,10721.34,1574095309.693,1574095310,"18.11.2019 17:30",10,752.3,762,71,"Wind blowing from the west-southwest",2,NA,"","","No Significant Clouds","10.0 and more",5,NA
1574095320,"40097e",49.3617584745763,8.29373811420641,231.715194670579,303.866470230648,0,"BAW85GA ","False","False","False",5202,10972.8,10721.34,1574095319.699,1574095320,"18.11.2019 17:30",10,752.3,762,71,"Wind blowing from the west-southwest",2,NA,"","","No Significant Clouds","10.0 and more",5,NA
1574095330,"40097e",49.3731536865234,8.26777531550481,232.002266613237,303.971963305573,0,"BAW85GA ","False","False","False",5202,10972.8,10721.34,1574095329.52,1574095329.999,"18.11.2019 17:30",10,752.3,762,71,"Wind blowing from the west-southwest",2,NA,"","","No Significant Clouds","10.0 and more",5,NA
1574095340,"40097e",49.3852386474609,8.24030949519231,232.002266613237,303.971963305573,0,"BAW85GA ","False","False","False",5202,10972.8,10721.34,1574095339.803,1574095339.989,"18.11.2019 17:30",10,752.3,762,71,"Wind blowing from the west-southwest",2,NA,"","","No Significant Clouds","10.0 and more",5,NA
1574095350,"40097e",49.3968658447266,8.21382962740384,232.429078501169,303.901100750358,0,"BAW85GA ","False","False","False",5202,10972.8,10721.34,1574095349.874,1574095350,"18.11.2019 17:30",10,752.3,762,71,"Wind blowing from the west-southwest",2,NA,"","","No Significant Clouds","10.0 and more",5,NA
1574095360,"40097e",49.4082641601562,8.18777787057977,232.429078501169,303.901100750358,0,"BAW85GA ","False","False","False",5202,10972.8,10721.34,1574095359.707,1574095359.971,"18.11.2019 17:30",10,752.3,762,71,"Wind blowing from the west-southwest",2,NA,"","","No Significant Clouds","10.0 and more",5,NA
1574095370,"40097e",49.4201202392578,8.16072904146634,232.716407050763,304.006227416763,0,"BAW85GA ","False","False","False",5202,10972.8,10721.34,1574095369.774,1574095370,"18.11.2019 17:30",10,752.3,762,71,"Wind blowing from the west-southwest",2,NA,"","","No Significant Clouds","10.0 and more",5,NA
1574095380,"40097e",49.430419921875,8.13739977384868,232.716407050763,304.006227416763,0,"BAW85GA ","False","False","False",5202,10972.8,10721.34,1574095378.715,1574095379.999,"18.11.2019 17:30",10,752.3,762,71,"Wind blowing from the west-southwest",2,NA,"","","No Significant Clouds","10.0 and more",5,NA
1574095390,"40097e",49.439500711732,8.11666952597128,231.288209658987,303.937487614554,0.32512,"BAW85GA ","False","False","False",5202,10972.8,10721.34,1574095386.354,1574095389.998,"18.11.2019 17:30",10,752.3,762,71,"Wind blowing from the west-southwest",2,NA,"","","No Significant Clouds","10.0 and more",5,NA
1574095400,"40097e",49.4547698457362,8.08192897487331,230.147435023526,303.974235212132,0,"BAW85GA ","False","False","False",5202,10972.8,10721.34,1574095399.548,1574095399.986,"18.11.2019 17:30",10,752.3,762,71,"Wind blowing from the west-southwest",2,NA,"","","No Significant Clouds","10.0 and more",5,NA
1574095410,"40097e",49.4664916992188,8.05507459138569,229.860349312293,303.867893707056,0,"BAW85GA ","False","False","False",5202,10980.42,10728.96,1574095409.792,1574095409.999,"18.11.2019 17:30",10,752.3,762,71,"Wind blowing from the west-southwest",2,NA,"","","No Significant Clouds","10.0 and more",5,NA
1574095420,"40097e",49.4759511139433,8.03352974556588,230.147435023526,303.974235212132,0,"BAW85GA ","False","False","False",5202,10972.8,10721.34,1574095418.358,1574095419.999,"18.11.2019 17:30",10,752.3,762,71,"Wind blowing from the west-southwest",2,NA,"","","No Significant Clouds","10.0 and more",5,NA
1574095430,"40097e",49.4883805614407,8.00502467799831,230.715372912434,303.725500903969,-0.32512,"BAW85GA ","False","False","False",5202,10972.8,10721.34,1574095428.853,1574095429.997,"18.11.2019 17:30",10,752.3,762,71,"Wind blowing from the west-southwest",2,NA,"","","No Significant Clouds","10.0 and more",5,NA
1574095440,"40097e",49.4936828613281,7.99291510331003,231.428910194961,303.760715800302,0,"BAW85GA ","False","False","False",5202,10972.8,10721.34,1574095433.376,1574095439.998,"18.11.2019 17:30",10,752.3,762,71,"Wind blowing from the west-southwest",2,NA,"","","No Significant Clouds","10.0 and more",5,NA
1574095450,"40097e",49.5118894415387,7.95105805268159,231.715194670579,303.866470230648,0,"BAW85GA ","False","False","False",5202,10972.8,10721.34,1574095449.329,1574095449.96,"18.11.2019 17:30",10,752.3,762,71,"Wind blowing from the west-southwest",2,NA,"","","No Significant Clouds","10.0 and more",5,NA
1574095460,"40097e",49.5202222921081,7.93190621040963,232.142534362936,303.79571420314,0.32512,"BAW85GA ","False","False","False",5202,10972.8,10721.34,1574095456.374,1574095459.999,"18.11.2019 17:30",10,752.3,762,71,"Wind blowing from the west-southwest",2,NA,"","","No Significant Clouds","10.0 and more",5,NA
1574095470,"40097e",49.5331638142214,7.90213919974662,231.85677754435,303.69006752598,0,"BAW85GA ","False","False","False",5202,10972.8,10721.34,1574095467.562,1574095469.998,"18.11.2019 17:30",10,752.3,762,71,"Wind blowing from the west-southwest",2,NA,"","","No Significant Clouds","10.0 and more",5,NA
1574095480,"40097e",49.5472412109375,7.86968030427632,231.428910194961,303.760715800302,0.32512,"BAW85GA ","False","False","False",5202,10972.8,10721.34,1574095479.808,1574095479.999,"18.11.2019 17:30",10,752.3,762,71,"Wind blowing from the west-southwest",2,NA,"","","No Significant Clouds","10.0 and more",5,NA
1574095490,"40097e",49.5555725097656,7.85059878700658,231.143416112353,303.65469976534,0.32512,"BAW85GA ","False","False","False",5202,10972.8,10721.34,1574095486.955,1574095489.99,"18.11.2019 17:30",10,752.3,762,71,"Wind blowing from the west-southwest",2,NA,"","","No Significant Clouds","10.0 and more",5,NA
1574095500,"40097e",49.5700331865731,7.81714362067145,230.715372912434,303.725500903969,0,"BAW85GA ","False","False","False",5202,10972.8,10721.34,1574095499.686,1574095499.976,"18.11.2019 18:00",9,752.3,762,71,"variable wind direction",1,NA,"","","No Significant Clouds","10.0 and more",4,NA
1574095510,"40097e",49.5819971116923,7.78960356841216,231.143416112353,303.65469976534,-0.32512,"BAW85GA ","False","False","False",5202,10972.8,10721.34,1574095509.952,1574095510,"18.11.2019 18:00",9,752.3,762,71,"variable wind direction",1,NA,"","","No Significant Clouds","10.0 and more",4,NA
1574095520,"40097e",49.5882110595703,7.77521233809622,231.571810960037,303.584160475593,-0.32512,"BAW85GA ","False","False","False",5202,10972.8,10721.34,1574095515.515,1574095519.998,"18.11.2019 18:00",9,752.3,762,71,"variable wind direction",1,NA,"","","No Significant Clouds","10.0 and more",4,NA
1574095530,"40097e",49.6045749470339,7.73734427787162,232.284996109803,303.61967962587,-0.32512,"BAW85GA ","False","False","False",5202,10972.8,10721.34,1574095529.583,1574095530,"18.11.2019 18:00",9,752.3,762,71,"variable wind direction",1,NA,"","","No Significant Clouds","10.0 and more",4,NA
1574095540,"40097e",49.6094055175781,7.72613525390625,230.715372912434,303.725500903969,0,"BAW85GA ","False","False","False",5202,10972.8,10721.34,1574095533.901,1574095539.995,"18.11.2019 18:00",9,752.3,762,71,"variable wind direction",1,NA,"","","No Significant Clouds","10.0 and more",4,NA
1574095550,"40097e",49.6236877441406,7.69295943410773,232.284996109803,303.61967962587,0,"BAW85GA ","False","False","False",5202,10972.8,10721.34,1574095546.329,1574095550,"18.11.2019 18:00",9,752.3,762,71,"variable wind direction",1,NA,"","","No Significant Clouds","10.0 and more",4,NA
1574095560,"40097e",49.6305999755859,7.67691361276727,232.284996109803,303.61967962587,0,"BAW85GA ","False","False","False",5202,10972.8,10721.34,1574095552.22,1574095559.997,"18.11.2019 18:00",9,752.3,762,71,"variable wind direction",1,NA,"","","No Significant Clouds","10.0 and more",4,NA
1574095570,"40097e",49.6501961400953,7.63141528980152,232.284996109803,303.61967962587,0,"BAW85GA ","False","False","False",5202,10972.8,10721.34,1574095569.331,1574095569.986,"18.11.2019 18:00",9,752.3,762,71,"variable wind direction",1,NA,"","","No Significant Clouds","10.0 and more",4,NA
1574095580,"40097e",49.6501961400953,7.63141528980152,232.284996109803,303.61967962587,-0.32512,"BAW85GA ","False","False","False",5202,10972.8,10721.34,1574095569.331,1574095580,"18.11.2019 18:00",9,752.3,762,71,"variable wind direction",1,NA,"","","No Significant Clouds","10.0 and more",4,NA
1574095590,"40097e",49.6501961400953,7.63141528980152,232.284996109803,303.61967962587,0,"BAW85GA ","False","False","False",5202,10972.8,10721.34,1574095569.331,1574095590,"18.11.2019 18:00",9,752.3,762,71,"variable wind direction",1,NA,"","","No Significant Clouds","10.0 and more",4,NA
1574095600,"40097e",49.6820378707627,7.55755450274493,232.429647819575,303.443862499581,0.32512,"BAW85GA ","False","False","False",5202,10972.8,10721.34,1574095596.844,1574095600,"18.11.2019 18:00",9,752.3,762,71,"variable wind direction",1,NA,"","","No Significant Clouds","10.0 and more",4,NA
1574095610,"40097e",49.6820378707627,7.55755450274493,232.429647819575,303.443862499581,0,"BAW85GA ","False","False","False",5202,10972.8,10721.34,1574095596.844,1574095610,"18.11.2019 18:00",9,752.3,762,71,"variable wind direction",1,NA,"","","No Significant Clouds","10.0 and more",4,NA
1574095620,"40097e",49.7080078125,7.49694021124589,232.000555507508,303.513881797439,0,"BAW85GA ","False","False","False",5202,10972.8,10721.34,1574095619.519,1574095620,"18.11.2019 18:00",9,752.3,762,71,"variable wind direction",1,NA,"","","No Significant Clouds","10.0 and more",4,NA
1574095630,"40097e",49.7196986311573,7.46958964579814,232.146524481525,303.337915970687,0,"BAW85GA ","False","False","False",5202,10972.8,10721.34,1574095629.665,1574095629.997,"18.11.2019 18:00",9,752.3,762,71,"variable wind direction",1,NA,"","","No Significant Clouds","10.0 and more",4,NA
1574095640,"40097e",49.7308959960938,7.44330958316201,231.864196842524,303.231711067979,0,"BAW85GA ","False","False","False",5202,10972.8,10721.34,1574095639.511,1574095639.998,"18.11.2019 18:00",9,752.3,762,71,"variable wind direction",1,NA,"","","No Significant Clouds","10.0 and more",4,NA
1574095650,"40097e",49.7429747500662,7.41488070101351,231.43405615356,303.301507777107,0.32512,"BAW85GA ","False","False","False",5202,10972.8,10721.34,1574095649.995,1574095650,"18.11.2019 18:00",9,752.3,762,71,"variable wind direction",1,NA,"","","No Significant Clouds","10.0 and more",4,NA
1574095660,"40097e",49.7543800483316,7.38808296822213,231.43405615356,303.301507777107,0,"BAW85GA ","False","False","False",5202,10972.8,10721.34,1574095659.951,1574095659.999,"18.11.2019 18:00",9,752.3,762,71,"variable wind direction",1,NA,"","","No Significant Clouds","10.0 and more",4,NA
1574095670,"40097e",49.7650451660156,7.36286364103618,231.43405615356,303.301507777107,0,"BAW85GA ","False","False","False",5202,10972.8,10721.34,1574095669.465,1574095670,"18.11.2019 18:00",9,752.3,762,71,"variable wind direction",1,NA,"","","No Significant Clouds","10.0 and more",4,NA
1574095680,"40097e",49.7766785702463,7.33552674989443,231.43405615356,303.301507777107,-0.32512,"BAW85GA ","False","False","False",5202,10972.8,10721.34,1574095679.588,1574095679.991,"18.11.2019 18:00",9,752.3,762,71,"variable wind direction",1,NA,"","","No Significant Clouds","10.0 and more",4,NA
1574095690,"40097e",49.7883453369141,7.3081488358347,231.716907883546,303.407824589709,0,"BAW85GA ","False","False","False",5720,10972.8,10721.34,1574095689.93,1574095689.999,"18.11.2019 18:00",9,752.3,762,71,"variable wind direction",1,NA,"","","No Significant Clouds","10.0 and more",4,NA
1574095700,"40097e",49.7983703613281,7.28451377467105,231.43405615356,303.301507777107,0,"BAW85GA ","False","False","False",5202,10972.8,10721.34,1574095698.637,1574095700,"18.11.2019 18:00",9,752.3,762,71,"variable wind direction",1,NA,"","","No Significant Clouds","10.0 and more",4,NA
1574095710,"40097e",49.8013047040519,7.27755159945101,231.716907883546,303.407824589709,0,"BAW85GA ","False","False","False",5202,10972.8,10721.34,1574095701.228,1574095709.999,"18.11.2019 18:00",9,752.3,762,71,"variable wind direction",1,NA,"","","No Significant Clouds","10.0 and more",4,NA
1574095720,"40097e",49.81457209183,7.24644841374578,232.146524481525,303.337915970687,0,"BAW85GA ","False","False","False",5202,10972.8,10721.34,1574095712.778,1574095719.996,"18.11.2019 18:00",9,752.3,762,71,"variable wind direction",1,NA,"","","No Significant Clouds","10.0 and more",4,NA
1574095730,"40097e",49.8335723876953,7.20182719983553,231.864196842524,303.231711067979,0,"BAW85GA ","False","False","False",5202,10972.8,10721.34,1574095729.514,1574095729.987,"18.11.2019 18:00",9,752.3,762,71,"variable wind direction",1,NA,"","","No Significant Clouds","10.0 and more",4,NA
1574095740,"40097e",49.8452034643141,7.17436919341216,231.582667812737,303.125247577649,0,"BAW85GA ","False","False","False",5202,10972.8,10721.34,1574095739.576,1574095739.994,"18.11.2019 18:00",9,752.3,762,71,"variable wind direction",1,NA,"","","No Significant Clouds","10.0 and more",4,NA
1574095750,"40097e",49.8567810058594,7.14696783768503,231.716907883546,303.407824589709,0,"BAW85GA ","False","False","False",5202,10980.42,10728.96,1574095749.91,1574095750,"18.11.2019 18:00",9,752.3,762,71,"variable wind direction",1,NA,"","","No Significant Clouds","10.0 and more",4,NA
1574095760,"40097e",49.8668060302734,7.12318821957237,232.725504731824,303.092892184963,-0.32512,"BAW85GA ","False","False","False",5202,10972.8,10721.34,1574095758.68,1574095759.988,"18.11.2019 18:00",9,752.3,762,71,"variable wind direction",1,NA,"","","No Significant Clouds","10.0 and more",4,NA
1574095770,"40097e",49.8668060302734,7.12318821957237,233.437432623003,303.129735468412,-0.32512,"BAW85GA ","False","False","False",5202,NA,NA,1574095758.68,1574095769.999,"18.11.2019 18:00",9,752.3,762,71,"variable wind direction",1,NA,"","","No Significant Clouds","10.0 and more",4,NA
1574095780,"40097e",49.8910217285156,7.06572683233964,233.437432623003,303.129735468412,0,"BAW85GA ","False","False","False",5202,10972.8,10721.34,1574095779.79,1574095780,"18.11.2019 18:00",9,752.3,762,71,"variable wind direction",1,NA,"","","No Significant Clouds","10.0 and more",4,NA
1574095790,"40097e",49.8995299258475,7.04557676573057,231.582667812737,303.125247577649,0,"BAW85GA ","False","False","False",5202,10972.8,10721.34,1574095787.272,1574095789.999,"18.11.2019 18:00",9,752.3,762,71,"variable wind direction",1,NA,"","","No Significant Clouds","10.0 and more",4,NA
1574095800,"40097e",49.911912821107,7.01610668285473,235.292198842908,303.134152604725,0,"BAW85GA ","False","False","False",5202,10972.8,10721.34,1574095797.993,1574095799.999,"18.11.2019 18:00",9,752.3,762,71,"variable wind direction",1,NA,"","","No Significant Clouds","10.0 and more",4,NA
1574095810,"40097e",49.9234577760858,6.98871509448902,235.292198842908,303.134152604725,0,"BAW85GA ","False","False","False",5202,10972.8,10721.34,1574095808.089,1574095809.996,"18.11.2019 18:00",9,752.3,762,71,"variable wind direction",1,NA,"","","No Significant Clouds","10.0 and more",4,NA
1574095820,"40097e",49.9234577760858,6.98871509448902,235.723158393226,303.065804074941,0.32512,"BAW85GA ","False","False","False",5202,10972.8,10721.34,1574095808.089,1574095819.996,"18.11.2019 18:00",9,752.3,762,71,"variable wind direction",1,NA,"","","No Significant Clouds","10.0 and more",4,NA
1574095830,"40097e",49.9485626220703,6.92897595857319,235.011397966975,303.029125496455,0,"BAW85GA ","False","False","False",5202,10972.8,10721.34,1574095829.757,1574095829.999,"18.11.2019 18:00",9,752.3,762,71,"variable wind direction",1,NA,"","","No Significant Clouds","10.0 and more",4,NA
1574095840,"40097e",49.957763671875,6.90700330232319,235.011397966975,303.029125496455,0,"BAW85GA ","False","False","False",5202,10972.8,10721.34,1574095837.858,1574095839.96497,"18.11.2019 18:00",9,752.3,762,71,"variable wind direction",1,NA,"","","No Significant Clouds","10.0 and more",4,NA
1574095850,"40097e",49.957763671875,6.90700330232319,234.731388650328,302.923847461628,0,"BAW85GA ","False","False","False",5202,10972.8,10728.96,1574095837.858,1574095849.983,"18.11.2019 18:00",9,752.3,762,71,"variable wind direction",1,NA,"","","No Significant Clouds","10.0 and more",4,NA
1574095860,"40097e",49.9717789989407,6.87358134501689,233.437432623003,303.129735468412,0,"BAW85GA ","False","False","False",5202,10972.8,10721.34,1574095850.308,1574095859.997,"18.11.2019 18:00",9,752.3,762,71,"variable wind direction",1,NA,"","","No Significant Clouds","10.0 and more",4,NA
1574095870,"40097e",49.9940643310547,6.8202691329153,235.874677769244,302.892900015055,0,"BAW85GA ","False","False","False",5202,10972.8,10721.34,1574095869.434,1574095869.981,"18.11.2019 18:00",9,752.3,762,71,"variable wind direction",1,NA,"","","No Significant Clouds","10.0 and more",4,NA
1574095880,"40097e",49.9940643310547,6.8202691329153,237.018035039677,302.862251135945,-0.32512,"BAW85GA ","False","False","False",5202,10972.8,10721.34,1574095869.434,1574095879.998,"18.11.2019 18:00",9,752.3,762,71,"variable wind direction",1,NA,"","","No Significant Clouds","10.0 and more",4,NA
1574095890,"40097e",50.0099518339513,6.78205335462416,237.018035039677,302.862251135945,0,"BAW85GA ","False","False","False",5202,10972.8,10721.34,1574095883.21,1574095889.994,"18.11.2019 18:00",9,752.3,762,71,"variable wind direction",1,NA,"","","No Significant Clouds","10.0 and more",4,NA
1574095900,"40097e",50.0099518339513,6.78205335462416,236.739281219089,302.757668801126,0.32512,"BAW85GA ","False","False","False",5202,10972.8,10721.34,1574095883.21,1574095899.991,"18.11.2019 18:00",9,752.3,762,71,"variable wind direction",1,NA,"","","No Significant Clouds","10.0 and more",4,NA
1574095910,"40097e",50.0382843017578,6.7138029399671,237.172074788983,302.690423117278,0.32512,"BAW85GA ","False","False","False",5202,10972.8,10721.34,1574095907.945,1574095910,"18.11.2019 18:00",9,752.3,762,71,"variable wind direction",1,NA,"","","No Significant Clouds","10.0 and more",4,NA
1574095920,"40097e",50.0518488479873,6.68102367504223,237.172074788983,302.690423117278,0,"BAW85GA ","False","False","False",5202,10972.8,10721.34,1574095919.537,1574095919.999,"18.11.2019 18:00",9,752.3,762,71,"variable wind direction",1,NA,"","","No Significant Clouds","10.0 and more",4,NA
1574095930,"40097e",50.0635528564453,6.65258307206003,237.172074788983,302.690423117278,0,"BAW85GA ","False","False","False",5202,10972.8,10721.34,1574095929.808,1574095929.988,"18.11.2019 18:00",9,752.3,762,71,"variable wind direction",1,NA,"","","No Significant Clouds","10.0 and more",4,NA
1574095940,"40097e",50.0752716064453,6.62424991005345,237.172074788983,302.690423117278,0,"BAW85GA ","False","False","False",5202,10972.8,10721.34,1574095939.777,1574095939.982,"18.11.2019 18:00",9,752.3,762,71,"variable wind direction",1,NA,"","","No Significant Clouds","10.0 and more",4,NA
1574095950,"40097e",50.0865302651615,6.59699311127534,236.739281219089,302.757668801126,0.32512,"BAW85GA ","False","False","False",5202,10972.8,10721.34,1574095949.615,1574095949.983,"18.11.2019 18:00",9,752.3,762,71,"variable wind direction",1,NA,"","","No Significant Clouds","10.0 and more",4,NA
1574095960,"40097e",50.0984476380429,6.56819111592061,236.02834243609,302.720219520352,0,"BAW85GA ","False","False","False",5202,10972.8,10721.34,1574095959.984,1574095959.993,"18.11.2019 18:00",9,752.3,762,71,"variable wind direction",1,NA,"","","No Significant Clouds","10.0 and more",4,NA
1574095970,"40097e",50.1096954345703,6.54098510742187,236.461318010896,302.652840240699,0,"BAW85GA ","False","False","False",5202,10972.8,10721.34,1574095969.78,1574095970,"18.11.2019 18:00",9,752.3,762,71,"variable wind direction",1,NA,"","","No Significant Clouds","10.0 and more",4,NA
1574095980,"40097e",50.1194892495365,6.51719376847551,235.317505096076,302.68254397294,0.32512,"BAW85GA ","False","False","False",5202,10972.8,10728.96,1574095978.492,1574095979.96,"18.11.2019 18:00",9,752.3,762,71,"variable wind direction",1,NA,"","","No Significant Clouds","10.0 and more",4,NA
1574095990,"40097e",50.1306610107422,6.49010106136924,235.317505096076,302.68254397294,0.32512,"BAW85GA ","False","False","False",5202,10972.8,10728.96,1574095988.266,1574095989.979,"18.11.2019 18:00",9,752.3,762,71,"variable wind direction",1,NA,"","","No Significant Clouds","10.0 and more",4,NA
1574096000,"40097e",50.1429981296345,6.46033209723395,234.88467453803,302.75030609266,0,"BAW85GA ","False","False","False",5202,10972.8,10728.96,1574095999.33,1574095999.996,"18.11.2019 18:00",9,752.3,762,71,"variable wind direction",1,NA,"","","No Significant Clouds","10.0 and more",4,NA
1574096010,"40097e",50.1537051443326,6.43435091585726,234.88467453803,302.75030609266,0,"BAW85GA ","False","False","False",5202,10972.8,10728.96,1574096008.424,1574096009.98221,"18.11.2019 18:00",9,752.3,762,71,"variable wind direction",1,NA,"","","No Significant Clouds","10.0 and more",4,NA
1574096020,"40097e",50.16650390625,6.40336689196135,235.317505096076,302.68254397294,0,"BAW85GA ","False","False","False",5202,10972.8,10728.96,1574096019.8,1574096019.998,"18.11.2019 18:00",9,752.3,762,71,"variable wind direction",1,NA,"","","No Significant Clouds","10.0 and more",4,NA
1574096030,"40097e",50.1744689941406,6.38406853926809,235.317505096076,302.68254397294,0,"BAW85GA ","False","False","False",5202,10972.8,10728.96,1574096026.6,1574096029.998,"18.11.2019 18:00",9,752.3,762,71,"variable wind direction",1,NA,"","","No Significant Clouds","10.0 and more",4,NA
1574096040,"40097e",50.1783312781382,6.37459419869088,235.317505096076,302.68254397294,0,"BAW85GA ","False","False","False",5202,10972.8,10728.96,1574096030.081,1574096039.989,"18.11.2019 18:00",9,752.3,762,71,"variable wind direction",1,NA,"","","No Significant Clouds","10.0 and more",4,NA
1574096050,"40097e",50.1988142627781,6.32478456239443,235.04011244568,302.576992669948,0,"BAW85GA ","False","False","False",5202,10972.8,10728.96,1574096048.073,1574096049.994,"18.11.2019 18:00",9,752.3,762,71,"variable wind direction",1,NA,"","","No Significant Clouds","10.0 and more",4,NA
1574096060,"40097e",50.2093048095703,6.29921361019737,235.04011244568,302.576992669948,0,"BAW85GA ","False","False","False",5202,10972.8,10728.96,1574096057.371,1574096059.997,"18.11.2019 18:00",9,752.3,762,71,"variable wind direction",1,NA,"","","No Significant Clouds","10.0 and more",4,NA
1574096070,"40097e",50.2199249267578,6.273193359375,234.763519349945,302.471192290848,0,"BAW85GA ","False","False","False",5202,10972.8,10721.34,1574096066.687,1574096069.998,"18.11.2019 18:00",9,752.3,762,71,"variable wind direction",1,NA,"","","No Significant Clouds","10.0 and more",4,NA
1574096080,"40097e",50.2327973963851,6.24164478198902,234.053363594969,302.432557246459,0,"BAW85GA ","False","False","False",5202,10972.8,10728.96,1574096077.982,1574096079.997,"18.11.2019 18:00",9,752.3,762,71,"variable wind direction",1,NA,"","","No Significant Clouds","10.0 and more",4,NA
1574096090,"40097e",50.2438659667969,6.21457551655016,233.619323780315,302.50022240803,0,"BAW85GA ","False","False","False",5202,10972.8,10728.96,1574096087.823,1574096089.983,"18.11.2019 18:00",9,752.3,762,71,"variable wind direction",1,NA,"","","No Significant Clouds","10.0 and more",4,NA
1574096100,"40097e",50.2537459034031,6.19027627480997,233.343314909989,302.393687056401,0,"BAW85GA ","False","False","False",5202,10972.8,10728.96,1574096096.884,1574096099.999,"18.11.2019 18:00",9,752.3,762,71,"variable wind direction",1,NA,"","","No Significant Clouds","10.0 and more",4,NA
1574096110,"40097e",50.2537459034031,6.19027627480997,233.343314909989,302.393687056401,0,"BAW85GA ","False","False","False",5202,10972.8,10728.96,1574096096.884,1574096110,"18.11.2019 18:00",9,752.3,762,71,"variable wind direction",1,NA,"","","No Significant Clouds","10.0 and more",4,NA
1574096120,"40097e",50.2793426513672,6.12733539782072,233.777867172514,302.326139994377,0,"BAW85GA ","False","False","False",5202,10972.8,10728.96,1574096119.397,1574096120,"18.11.2019 18:00",9,752.3,762,71,"variable wind direction",1,NA,"","","No Significant Clouds","10.0 and more",4,NA
1574096130,"40097e",50.2890014648438,6.10348350123355,234.487728638248,302.365142677031,0,"BAW85GA ","False","False","False",5202,10972.8,10728.96,1574096128.233,1574096129.99,"18.11.2019 18:00",9,752.3,762,71,"variable wind direction",1,NA,"","","No Significant Clouds","10.0 and more",4,NA
1574096140,"40097e",50.3000335693359,6.07630679481908,234.487728638248,302.365142677031,0,"BAW85GA ","False","False","False",5202,10972.8,10728.96,1574096138.092,1574096139.996,"18.11.2019 18:00",9,752.3,762,71,"variable wind direction",1,NA,"","","No Significant Clouds","10.0 and more",4,NA
1574096150,"40097e",50.3131256103516,6.04414287366365,234.487728638248,302.365142677031,0,"BAW85GA ","False","False","False",5202,10972.8,10728.96,1574096149.677,1574096150,"18.11.2019 18:00",9,752.3,762,71,"variable wind direction",1,NA,"","","No Significant Clouds","10.0 and more",4,NA
1574096160,"40097e",50.3180694580078,6.03192781147204,234.487728638248,302.365142677031,0,"BAW85GA ","False","False","False",5202,10972.8,10728.96,1574096153.793,1574096159.999,"18.11.2019 18:00",9,752.3,762,71,"variable wind direction",1,NA,"","","No Significant Clouds","10.0 and more",4,NA
1574096170,"40097e",50.3334045410156,5.9941261693051,234.212743145063,302.258843675968,0,"BAW85GA ","False","False","False",5202,10972.8,10728.96,1574096167.358,1574096169.993,"18.11.2019 18:00",9,752.3,762,71,"variable wind direction",1,NA,"","","No Significant Clouds","10.0 and more",4,NA
1574096180,"40097e",50.3468627929688,5.96080579255757,234.212743145063,302.258843675968,0.32512,"BAW85GA ","False","False","False",5202,10972.8,10728.96,1574096179.52,1574096180,"18.11.2019 18:00",9,752.3,762,71,"variable wind direction",1,NA,"","","No Significant Clouds","10.0 and more",4,NA
1574096190,"40097e",50.3560677221266,5.93796188766892,234.487728638248,302.365142677031,0,"BAW85GA ","False","False","False",5202,10972.8,10728.96,1574096187.573,1574096190,"18.11.2019 18:00",9,752.3,762,71,"variable wind direction",1,NA,"","","No Significant Clouds","10.0 and more",4,NA
1574096200,"40097e",50.3699868412341,5.9035924963049,233.777867172514,302.326139994377,0,"BAW85GA ","False","False","False",5202,10972.8,10728.96,1574096199.961,1574096199.997,"18.11.2019 18:00",9,752.3,762,71,"variable wind direction",1,NA,"","","No Significant Clouds","10.0 and more",4,NA
1574096210,"40097e",50.3791809082031,5.88079352127878,233.938565709898,302.152295141282,0,"BAW85GA ","False","False","False",5202,10972.8,10736.58,1574096208.308,1574096209.994,"18.11.2019 18:00",9,752.3,762,71,"variable wind direction",1,NA,"","","No Significant Clouds","10.0 and more",4,NA
1574096220,"40097e",50.3919129452463,5.84903201541385,234.374272699604,302.085367957679,0,"BAW85GA ","False","False","False",5202,10972.8,10736.58,1574096219.62,1574096219.999,"18.11.2019 18:00",9,752.3,762,71,"variable wind direction",1,NA,"","","No Significant Clouds","10.0 and more",4,NA
1574096230,"40097e",50.402200989804,5.82334776182432,234.374272699604,302.085367957679,0,"BAW85GA ","False","False","False",5202,10972.8,10736.58,1574096228.829,1574096230,"18.11.2019 18:00",9,752.3,762,71,"variable wind direction",1,NA,"","","No Significant Clouds","10.0 and more",4,NA
1574096240,"40097e",50.4142580193988,5.79320959142736,234.374272699604,302.085367957679,0,"BAW85GA ","False","False","False",5202,10972.8,10736.58,1574096239.552,1574096239.996,"18.11.2019 18:00",9,752.3,762,71,"variable wind direction",1,NA,"","","No Significant Clouds","10.0 and more",4,NA
1574096250,"40097e",50.4256439208984,5.76478656969572,233.938565709898,302.152295141282,0.32512,"BAW85GA ","False","False","False",5202,10972.8,10736.58,1574096249.94,1574096249.996,"18.11.2019 18:00",9,752.3,762,71,"variable wind direction",1,NA,"","","No Significant Clouds","10.0 and more",4,NA
1574096260,"40097e",50.4367218017578,5.73717619243421,232.08438485231,302.140006502433,0.32512,"BAW85GA ","False","False","False",5202,10972.8,10736.58,1574096259.935,1574096259.998,"18.11.2019 18:00",9,752.3,762,71,"variable wind direction",1,NA,"","","No Significant Clouds","10.0 and more",4,NA
1574096270,"40097e",50.4458204366393,5.71452372782939,231.375156676097,302.099908330101,0.32512,"BAW85GA ","False","False","False",5202,10972.8,10736.58,1574096268.023,1574096270,"18.11.2019 18:00",9,752.3,762,71,"variable wind direction",1,NA,"","","No Significant Clouds","10.0 and more",4,NA
1574096280,"40097e",50.4577378095207,5.68483094911318,230.666042520389,302.059563598093,0,"BAW85GA ","False","False","False",5202,10972.8,10736.58,1574096278.856,1574096279.997,"18.11.2019 18:00",9,752.3,762,71,"variable wind direction",1,NA,"","","No Significant Clouds","10.0 and more",4,NA
1574096290,"40097e",50.469143107786,5.65625164959882,230.666042520389,302.059563598093,0,"BAW85GA ","False","False","False",5202,10972.8,10736.58,1574096289.225,1574096289.99301,"18.11.2019 18:00",9,752.3,762,71,"variable wind direction",1,NA,"","","No Significant Clouds","10.0 and more",4,NA
1574096300,"40097e",50.4803009033203,5.6282525313528,230.666042520389,302.059563598093,0,"BAW85GA ","False","False","False",5202,10972.8,10736.58,1574096299.495,1574096300,"18.11.2019 18:00",9,752.3,762,71,"variable wind direction",1,NA,"","","No Significant Clouds","10.0 and more",4,NA
1574096310,"40097e",50.4911956787109,5.6007867110403,230.121560223281,301.842457259985,0,"BAW85GA ","False","False","False",5202,10972.8,10736.58,1574096309.512,1574096310,"18.11.2019 18:00",9,752.3,762,71,"variable wind direction",1,NA,"","","No Significant Clouds","10.0 and more",4,NA
1574096320,"40097e",50.4994812011719,5.57989823190789,229.684699390453,301.910162389626,0,"BAW85GA ","False","False","False",5202,10972.8,10736.58,1574096317.095,1574096319.98553,"18.11.2019 18:00",9,752.3,762,71,"variable wind direction",1,NA,"","","No Significant Clouds","10.0 and more",4,NA
1574096330,"40097e",50.5086822509766,5.5569136770148,229.957043439996,302.018970065669,0,"BAW85GA ","False","False","False",5202,10972.8,10736.58,1574096325.627,1574096330,"18.11.2019 18:00",9,752.3,762,71,"variable wind direction",1,NA,"","","No Significant Clouds","10.0 and more",4,NA
1574096340,"40097e",50.5086822509766,5.5569136770148,229.957043439996,302.018970065669,0,"BAW85GA ","False","False","False",5202,10972.8,10736.58,1574096325.627,1574096339.987,"18.11.2019 18:00",9,752.3,762,71,"variable wind direction",1,NA,"","","No Significant Clouds","10.0 and more",4,NA
1574096350,"40097e",50.5259368379237,5.5135778478674,230.121560223281,301.842457259985,0,"BAW85GA ","False","False","False",5202,10972.8,10736.58,1574096341.172,1574096349.999,"18.11.2019 18:00",9,752.3,762,71,"variable wind direction",1,NA,"","","No Significant Clouds","10.0 and more",4,NA
1574096360,"40097e",50.5259368379237,5.5135778478674,230.121560223281,301.842457259985,0,"BAW85GA ","False","False","False",5202,10972.8,10736.58,1574096341.172,1574096359.996,"18.11.2019 18:00",9,752.3,762,71,"variable wind direction",1,NA,"","","No Significant Clouds","10.0 and more",4,NA
1574096370,"40097e",50.556009583554,5.43763856630068,229.684699390453,301.910162389626,0,"BAW85GA ","False","False","False",5202,10972.8,10736.58,1574096368.932,1574096369.99316,"18.11.2019 18:00",9,752.3,762,71,"variable wind direction",1,NA,"","","No Significant Clouds","10.0 and more",4,NA
1574096380,"40097e",50.5634113893671,5.41893211570946,230.121560223281,301.842457259985,0,"BAW85GA ","False","False","False",5202,10972.8,10736.58,1574096375.703,1574096379.995,"18.11.2019 18:00",9,752.3,762,71,"variable wind direction",1,NA,"","","No Significant Clouds","10.0 and more",4,NA
1574096390,"40097e",50.5773305084746,5.38367194098395,230.288257933501,301.66619832649,0,"BAW85GA ","False","False","False",5202,10972.8,10736.58,1574096388.374,1574096390,"18.11.2019 18:00",9,752.3,762,71,"variable wind direction",1,NA,"","","No Significant Clouds","10.0 and more",4,NA
