"test_label","Random Forest_7_13"
"1","1"
"1","1"
"1","1"
"1","1"
"1","1"
"1","1"
"1","1"
"1","1"
"1","1"
"1","1"
"1","-1"
"1","1"
"1","-1"
"1","1"
"1","1"
"1","-1"
"1","1"
"1","-1"
"1","-1"
"1","1"
"1","1"
"1","1"
"1","1"
"1","1"
"1","1"
"1","-1"
"1","1"
"1","1"
"1","1"
"1","1"
"1","1"
"1","-1"
"1","1"
"1","-1"
"1","1"
"1","1"
"1","1"
"1","1"
"1","1"
"1","1"
"1","1"
"1","-1"
"1","1"
"1","-1"
"1","-1"
"1","1"
"1","-1"
"1","1"
"1","1"
"1","1"
"1","1"
"1","-1"
"1","1"
"1","-1"
"1","-1"
"1","1"
"1","1"
"1","-1"
"1","-1"
"1","1"
"1","1"
"1","-1"
"1","1"
"1","-1"
"1","-1"
"1","-1"
"1","1"
"1","1"
"1","1"
"1","-1"
"1","1"
"-1","-1"
"-1","-1"
"-1","1"
"-1","-1"
"-1","1"
"-1","1"
"-1","-1"
"-1","-1"
"-1","-1"
"-1","1"
"-1","-1"
"-1","-1"
"-1","-1"
"-1","1"
"-1","-1"
"-1","-1"
"-1","-1"
"-1","-1"
"-1","-1"
"-1","1"
"-1","1"
"-1","-1"
