"test_label","Gaussian Process_10"
"1","1"
"1","1"
"1","1"
"1","1"
"1","1"
"1","1"
"1","1"
"1","1"
"1","1"
"1","1"
"1","1"
"1","1"
"1","1"
"1","1"
"1","1"
"1","-1"
"1","1"
"1","-1"
"1","-1"
"1","1"
"1","1"
"1","1"
"1","1"
"1","1"
"1","1"
"1","1"
"1","1"
"1","1"
"1","1"
"1","1"
"1","1"
"1","1"
"1","1"
"1","1"
"1","1"
"1","1"
"1","1"
"1","1"
"1","1"
"1","1"
"1","1"
"1","-1"
"1","1"
"1","1"
"1","1"
"1","1"
"1","1"
"1","1"
"1","1"
"1","-1"
"1","-1"
"1","1"
"1","1"
"1","1"
"1","1"
"1","1"
"1","1"
"1","-1"
"1","-1"
"1","1"
"1","1"
"1","1"
"1","1"
"1","-1"
"1","-1"
"1","1"
"1","1"
"1","1"
"1","1"
"1","-1"
"1","1"
"-1","-1"
"-1","-1"
"-1","1"
"-1","1"
"-1","1"
"-1","1"
"-1","-1"
"-1","-1"
"-1","-1"
"-1","-1"
"-1","-1"
"-1","-1"
"-1","-1"
"-1","1"
"-1","-1"
"-1","1"
"-1","1"
"-1","-1"
"-1","-1"
"-1","1"
"-1","1"
"-1","1"
